0.005001,-0.002676,-0.000443,0.981406
0.004999,-0.001137,0.000743,0.980657
0.005000,0.000420,-0.001606,0.977831
0.005013,0.001257,0.000083,0.979815
0.005008,0.001194,-0.001486,0.977071
0.005007,-0.000104,0.002194,0.979718
0.005008,-0.001009,0.001387,0.977307
0.005003,-0.001391,0.001653,0.976781
0.005016,-0.001546,0.003385,0.982448
0.005015,-0.001871,0.001600,0.980168
0.005004,-0.001239,-0.001507,0.978023
0.005002,-0.001308,-0.000610,0.975177
0.010895,-0.002058,-0.002165,0.975275
0.005001,-0.000707,-0.000669,0.977112
0.005012,-0.000866,0.001357,0.977645
0.005001,-0.000551,0.001744,0.977893
0.005001,-0.000988,0.003025,0.980220
0.005015,0.001592,0.002196,0.976979
0.005004,-0.000354,0.003761,0.977288
0.005003,-0.000184,0.002047,0.977657
0.005003,-0.002592,-0.000291,0.975618
0.005005,-0.001711,0.002543,0.977552
0.005000,-0.000246,-0.000362,0.974833
0.005001,0.001252,-0.001074,0.978704
0.005000,-0.000299,0.000981,0.983574
0.005001,-0.000682,0.001927,0.984326
0.005011,-0.002930,0.000672,0.980175
0.007054,-0.003413,-0.000052,0.979529
0.005011,-0.001935,-0.000575,0.978940
0.005010,-0.000710,0.000475,0.981411
0.005002,-0.002039,0.003774,0.984023
0.005000,0.001004,0.003273,0.982061
0.005000,0.000715,-0.000120,0.975836
0.005008,0.001230,0.001393,0.978286
0.005002,-0.000078,0.003792,0.978233
0.005008,-0.000689,0.002844,0.977735
0.005011,0.000114,0.000160,0.977371
0.005008,-0.000976,0.000037,0.978447
0.005006,-0.001729,0.001763,0.979238
0.005003,-0.001734,-0.000213,0.975590
0.005007,-0.003953,0.002515,0.978735
0.005007,-0.003267,0.004223,0.980701
0.005009,-0.003185,0.004731,0.978699
0.007091,-0.001863,0.003984,0.979794
0.005010,-0.001079,0.002168,0.976247
0.005007,0.003294,0.003920,0.977065
0.005003,0.003504,0.003132,0.975470
0.005013,0.002489,0.005557,0.977184
0.005000,0.000543,0.005571,0.979924
0.004999,0.000718,0.005216,0.980094
0.005000,0.000555,0.003132,0.977980
0.004999,-0.001158,0.000070,0.980756
0.005005,-0.000376,-0.001966,0.976495
0.005000,0.000652,0.000601,0.980832
0.005006,-0.002695,0.000614,0.980316
0.005001,-0.001290,0.003729,0.982000
0.005001,-0.002245,0.001360,0.980795
0.005002,-0.002369,0.002070,0.981717
0.007095,0.000776,0.001130,0.980744
0.005002,0.001255,0.003783,0.980394
0.005001,0.001369,0.003142,0.977767
0.005008,0.002629,0.003000,0.979615
0.005009,0.002189,0.003525,0.979466
0.005008,0.001036,0.003592,0.981257
0.005004,-0.000050,0.004677,0.981613
0.005006,0.000119,0.001897,0.979794
0.005005,-0.003157,0.000536,0.978275
0.005000,-0.003269,0.001907,0.979952
0.005005,-0.002110,0.001357,0.977259
0.005005,-0.002608,0.004122,0.980593
0.005004,-0.003168,0.002517,0.978814
0.005002,-0.000837,0.001073,0.977698
0.005001,0.000593,0.004123,0.978859
0.005008,0.000862,0.002019,0.977121
0.007086,0.001602,0.001798,0.976320
0.005005,-0.000167,0.004832,0.977323
0.005007,-0.001090,0.002715,0.978386
0.005006,-0.001046,0.002001,0.979524
0.005000,-0.001858,0.001394,0.976627
0.005002,-0.001637,-0.002979,0.973950
0.005007,-0.001768,-0.000248,0.975770
0.004999,-0.001137,-0.002149,0.976323
0.005008,-0.002761,0.002352,0.979550
0.005003,-0.002415,0.000897,0.976337
0.005010,0.000167,0.001693,0.977040
0.004999,0.000909,0.000839,0.978239
0.005009,0.003297,0.002463,0.976438
0.005003,0.001294,0.002215,0.979137
0.005005,0.002780,0.000501,0.977918
0.005012,0.001509,0.001858,0.980862
0.007069,0.000342,0.002596,0.978760
0.005000,-0.001581,-0.000035,0.978796
0.005002,-0.001072,-0.000220,0.978311
0.005000,-0.001772,0.000333,0.979153
0.005009,0.000615,0.001864,0.980255
0.009709,-0.000590,0.003135,0.982674
0.005008,-0.060111,-0.057776,1.004877
0.005007,-0.638655,-0.593336,1.320980
0.005007,-0.656371,-0.625067,1.399354
0.004999,-0.186663,-0.249826,1.294660
0.005000,0.210801,0.091584,1.072286
0.005006,0.418068,-0.022212,0.851156
0.005012,0.972176,0.590713,0.163230
0.005004,0.453936,1.003492,0.411142
0.007046,-0.116098,-0.161905,0.900231
0.005012,-0.040292,-0.160003,1.018288
0.005010,0.037291,0.021044,1.043846
0.005004,0.063781,-0.036032,0.962072
0.005010,0.058200,-0.049185,0.942016
0.005003,0.037272,0.015218,0.942569
0.005003,0.030345,-0.045159,0.963403
0.005003,-0.001967,0.001164,1.022941
0.005008,-0.000072,-0.017921,1.032782
0.005012,0.033345,-0.059923,0.990745
0.005004,0.029784,0.000243,0.987829
0.005006,0.022532,0.023198,1.017785
0.005008,0.025058,0.015262,1.031416
0.005001,0.026406,0.019268,1.053679
0.005007,0.010431,0.001688,1.056316
0.005005,-0.004020,-0.007177,1.062972
0.007094,-0.017503,-0.026299,1.061904
0.005006,-0.022613,-0.051858,1.046234
0.005004,-0.028120,-0.074073,1.022740
0.005008,-0.033000,-0.088469,1.010875
0.005008,-0.041016,-0.095168,0.996477
0.005004,-0.044774,-0.098820,0.996963
0.005000,-0.045517,-0.109849,1.003658
0.005002,-0.029012,-0.142121,0.997638
0.005007,-0.042838,-0.129102,1.017022
0.005006,-0.064103,-0.090619,1.049731
0.005006,-0.043936,-0.088495,1.067692
0.005007,-0.025597,-0.092753,1.072682
0.005005,-0.011596,-0.093146,1.074054
0.005009,-0.004563,-0.096926,1.080637
0.005010,-0.008908,-0.136692,1.103647
0.006975,-0.025673,-0.207973,1.127051
0.005002,-0.051307,-0.229131,1.132334
0.005003,-0.072990,-0.199927,1.134092
0.005001,-0.096981,-0.192010,1.151517
0.005001,-0.112975,-0.189080,1.164269
0.008168,-0.104827,-0.148992,1.159450
0.005005,-0.092904,-0.126014,1.150777
0.005012,-0.071786,-0.115304,1.127040
0.005003,-0.061488,-0.099618,1.112075
0.005005,-0.062724,-0.072939,1.119501
0.005000,-0.058911,-0.046010,1.113359
0.005007,-0.040390,-0.031314,1.092720
0.005009,-0.038117,-0.013157,1.088645
0.005007,-0.033212,-0.000077,1.086659
0.005008,-0.024996,0.006145,1.072380
0.007007,-0.019382,-0.009267,1.061541
0.005011,-0.021996,-0.026157,1.062760
0.005008,-0.030834,-0.025376,1.061835
0.005008,-0.015890,-0.007458,1.049653
0.005004,0.006271,0.026243,1.030505
0.005000,0.044492,0.059340,1.019296
0.005007,0.080715,0.087467,1.037262
0.005007,0.073951,0.113710,1.070054
0.005004,0.044594,0.125568,1.092485
0.005006,0.014491,0.126624,1.091656
0.005011,0.001700,0.118065,1.072017
0.005012,-0.013993,0.104084,1.053591
0.005002,-0.032899,0.101815,1.047910
0.005011,-0.064120,0.107062,1.048179
0.005004,-0.095722,0.111314,1.036581
0.005010,-0.116221,0.118623,1.023602
0.006956,-0.126752,0.120594,0.995347
0.005005,-0.121841,0.121683,0.964524
0.005003,-0.109095,0.124141,0.953083
0.005008,-0.113025,0.126352,0.948386
0.005003,-0.132107,0.132575,0.954783
0.005002,-0.135492,0.142320,0.953865
0.005002,-0.138783,0.150509,0.955453
0.005010,-0.153735,0.153466,0.968641
0.005006,-0.184007,0.142498,0.995121
0.005009,-0.197516,0.152639,1.039631
0.005010,-0.193285,0.184313,1.082412
0.004999,-0.163366,0.222996,1.097453
0.005005,-0.128120,0.265346,1.083055
0.005002,-0.097948,0.306631,1.071744
0.005009,-0.070395,0.317909,1.052928
0.006958,-0.046394,0.318615,1.044590
0.005013,-0.036386,0.323935,1.053674
0.005002,-0.030720,0.322665,1.057373
0.005010,-0.033005,0.301047,1.017864
0.005007,-0.047684,0.265242,0.955922
0.005009,-0.067751,0.248339,0.898695
0.005004,-0.064289,0.244069,0.826549
0.005006,-0.040796,0.263761,0.776832
0.005011,0.005263,0.269889,0.724354
0.005005,0.063143,0.292543,0.719192
0.005015,0.111902,0.313550,0.755897
0.005004,0.151628,0.323972,0.816381
0.005003,0.177134,0.324385,0.842810
0.005007,0.189605,0.291141,0.895732
0.005001,0.198305,0.271543,0.936905
0.005005,0.195718,0.257312,0.952776
0.006922,0.189450,0.239452,0.953888
0.005002,0.205214,0.222544,0.929023
0.005001,0.237351,0.211175,0.882913
0.005009,0.278918,0.202652,0.833625
0.005007,0.310813,0.183419,0.802961
0.005010,0.338986,0.169935,0.792276
0.005006,0.363790,0.163369,0.794588
0.005001,0.380305,0.152195,0.794528
0.005002,0.399839,0.143546,0.792923
0.005004,0.417849,0.131248,0.792762
0.005006,0.420927,0.113785,0.803282
0.005004,0.410918,0.090005,0.817621
0.005007,0.399393,0.069615,0.809379
0.005005,0.397307,0.063619,0.799757
0.005001,0.426042,0.047158,0.774650
0.005001,0.457763,0.012500,0.764620
0.006978,0.464440,-0.026386,0.786108
0.005007,0.446937,-0.072984,0.820519
0.005008,0.406462,-0.133290,0.835971
0.005011,0.375668,-0.200800,0.855977
0.005001,0.343425,-0.243047,0.872111
0.005000,0.300119,-0.265064,0.896344
0.005012,0.259640,-0.288798,0.920253
0.005000,0.221192,-0.326220,0.947163
0.005002,0.175974,-0.354702,0.977424
0.005009,0.122410,-0.374966,1.018586
0.005003,0.069736,-0.372693,1.074495
0.005004,0.028255,-0.355140,1.118981
0.005001,0.011559,-0.339892,1.121596
0.005004,0.017962,-0.341023,1.085464
0.005000,0.043785,-0.341823,1.037433
0.006976,0.077334,-0.349840,0.987206
0.005009,0.088163,-0.368384,0.950637
0.005003,0.070458,-0.387376,0.936606
0.005011,0.043482,-0.401619,0.959041
0.005007,-0.000201,-0.409472,0.985824
0.005001,-0.043783,-0.402560,1.033573
0.005001,-0.072376,-0.386952,1.064434
0.005001,-0.077274,-0.374845,1.083989
0.005008,-0.068367,-0.360043,1.099516
0.005002,-0.063328,-0.357223,1.099529
0.005006,-0.056089,-0.357034,1.117450
0.005001,-0.055922,-0.365300,1.147967
0.005007,-0.081897,-0.351648,1.180149
0.005009,-0.119688,-0.322444,1.205328
0.005011,-0.141898,-0.299061,1.217873
0.005002,-0.143978,-0.282265,1.207923
0.006955,-0.136382,-0.264424,1.156551
0.005001,-0.123783,-0.241158,1.088093
0.005006,-0.096398,-0.225377,1.013649
0.005007,-0.045707,-0.224118,0.953077
0.005003,0.004897,-0.224870,0.906020
0.005005,0.057435,-0.216962,0.875485
0.005000,0.107912,-0.206531,0.860625
0.005010,0.140153,-0.196101,0.846537
0.005000,0.140451,-0.183708,0.849635
0.005003,0.125728,-0.172418,0.853455
0.005003,0.108389,-0.162670,0.856035
0.004999,0.080450,-0.152339,0.856426
0.005000,0.047080,-0.154178,0.851638
0.005010,0.008261,-0.145407,0.856073
0.005013,-0.019473,-0.138679,0.865993
0.006939,-0.046327,-0.133741,0.875658
0.005009,-0.083159,-0.133149,0.879660
0.005009,-0.132740,-0.130857,0.883021
0.005003,-0.169732,-0.120258,0.906157
0.005006,-0.194727,-0.101327,0.943147
0.005010,-0.206821,-0.093312,0.987360
0.005004,-0.217458,-0.066427,1.032944
0.005008,-0.202229,-0.039833,1.057429
0.005000,-0.167447,-0.021342,1.073055
0.005009,-0.124245,-0.002450,1.069177
0.005005,-0.081233,0.019782,1.059395
0.005006,-0.040279,0.034990,1.045651
0.005006,-0.006704,0.022830,1.060181
0.005003,0.008102,0.017271,1.031782
0.005010,0.021572,-0.002936,1.004550
0.005007,0.008318,-0.028181,0.990359
0.006948,-0.032467,-0.044776,0.981025
0.005001,-0.098473,-0.050389,0.988897
0.005000,-0.168269,-0.036636,0.980323
0.005001,-0.219713,-0.035961,0.971869
0.005008,-0.264260,-0.027180,0.953121
0.005006,-0.302628,-0.010458,0.935884
0.005011,-0.327227,0.002117,0.919509
0.005008,-0.342159,0.002142,0.922586
0.005007,-0.364208,-0.010733,0.898286
0.005008,-0.382343,0.003658,0.900539
0.005011,-0.391653,0.046411,0.902929
0.004999,-0.393409,0.072326,0.900416
0.005004,-0.389634,0.079995,0.909440
0.005005,-0.373235,0.071487,0.910484
0.008290,-0.343612,0.070241,0.914409
0.007015,-0.311230,0.068271,0.917347
0.005002,-0.285575,0.074579,0.928979
0.005005,-0.256498,0.084284,0.940206
0.005007,-0.225049,0.102168,0.963925
0.005001,-0.186365,0.123208,0.991043
0.005001,-0.153361,0.140478,1.005264
0.005009,-0.118630,0.148315,1.020926
0.005009,-0.089584,0.140533,1.030990
0.005009,-0.079284,0.130910,1.034505
0.005007,-0.073066,0.132610,1.037644
0.005008,-0.071534,0.154722,1.044361
0.005006,-0.072116,0.183944,1.052071
0.005008,-0.083946,0.209599,1.061952
0.005006,-0.095818,0.226206,1.066260
0.005007,-0.098497,0.224381,1.060604
0.005002,-0.103877,0.220550,1.042852
0.006976,-0.110537,0.211896,1.018330
0.005006,-0.106223,0.215592,1.000181
0.005010,-0.103011,0.225935,0.979761
0.005012,-0.114166,0.214782,0.971185
0.005005,-0.132045,0.206030,0.971125
0.005010,-0.149629,0.215371,0.975738
0.005004,-0.152779,0.227989,0.977423
0.005005,-0.142388,0.235249,0.973041
0.005011,-0.123290,0.252439,0.963555
0.005000,-0.102000,0.264506,0.959018
0.005006,-0.071467,0.277153,0.952483
0.005011,-0.041678,0.296746,0.932461
0.005006,-0.028494,0.312171,0.915054
0.005006,-0.022506,0.320165,0.913495
0.005001,-0.016822,0.330771,0.929152
0.006995,-0.000347,0.334510,0.938701
0.005007,0.021362,0.345230,0.937433
0.005004,0.036939,0.343407,0.921807
0.005002,0.048559,0.313963,0.918141
0.005014,0.057161,0.321281,0.952566
0.005004,0.061694,0.334403,1.006591
0.005010,0.058259,0.325753,1.041242
0.005000,0.051056,0.319060,1.081935
0.005000,0.057887,0.332150,1.133961
0.005000,0.067309,0.385753,1.218382
0.005011,0.099440,0.308830,1.207220
0.005011,0.117590,0.282767,1.218163
0.005008,0.130795,0.288382,1.197431
0.005002,0.185998,0.277517,1.207183
0.005007,0.250161,0.269195,1.204891
0.005009,0.295841,0.260373,1.185828
0.006946,0.338743,0.237594,1.172314
0.005012,0.377110,0.207097,1.177228
0.004999,0.386304,0.186071,1.203086
0.005008,0.379065,0.161753,1.226852
0.005005,0.352983,0.118382,1.232392
0.005002,0.298326,0.090853,1.224492
0.005009,0.234911,0.079306,1.197798
0.005004,0.170724,0.071975,1.162388
0.005010,0.123739,0.074064,1.129004
0.004999,0.098050,0.084864,1.118833
0.005003,0.077768,0.083235,1.096893
0.005003,0.068416,0.089140,1.087617
0.005011,0.068478,0.067952,1.060168
0.005011,0.088479,0.075992,1.038287
0.005005,0.115726,0.108355,1.010925
0.006963,0.140791,0.133268,0.967085
0.005012,0.174631,0.113952,0.902063
0.005009,0.211060,0.157710,0.921135
0.005005,0.244950,0.183802,0.921045
0.005008,0.286937,0.197174,0.928874
0.005003,0.307140,0.192868,0.866894
0.005009,0.322907,0.189831,0.884883
0.005005,0.338440,0.189059,0.916063
0.005008,0.366212,0.182079,0.910119
0.005002,0.408191,0.168501,0.871149
0.005008,0.427866,0.155200,0.810963
0.005008,0.410220,0.122366,0.777852
0.005009,0.370042,0.080070,0.775817
0.005008,0.315959,0.048499,0.778475
0.005010,0.256555,0.023489,0.784378
0.005003,0.211670,0.012109,0.806588
0.006967,0.210183,0.022790,0.837364
0.005006,0.226905,0.038664,0.867980
0.005004,0.249508,0.054746,0.895020
0.005013,0.283438,0.062743,0.895504
0.005010,0.302688,0.092414,0.920155
0.005012,0.310267,0.092106,0.938585
0.005006,0.323544,0.084292,0.926387
0.005006,0.346027,0.071457,0.910636
0.005007,0.370398,0.063306,0.896634
0.005002,0.378346,0.044534,0.855500
0.005004,0.375311,0.007688,0.813904
0.005004,0.340516,-0.053389,0.786048
0.005011,0.282981,-0.121334,0.779568
0.005004,0.203181,-0.179736,0.777123
0.005005,0.145176,-0.208393,0.804176
0.006939,0.097815,-0.202010,0.842905
0.005007,0.084523,-0.176159,0.883486
0.005000,0.095444,-0.146011,0.913118
0.005000,0.112347,-0.137513,0.918693
0.005004,0.123620,-0.135450,0.925123
0.005074,0.137630,-0.142283,0.934704
0.005010,0.163340,-0.150348,0.942057
0.005013,0.184166,-0.168771,0.932241
0.005002,0.177967,-0.189471,0.922767
0.005006,0.153725,-0.224350,0.924336
0.005002,0.116276,-0.259381,0.961070
0.005358,0.073576,-0.297949,0.993241
0.005011,0.036579,-0.344261,1.016549
0.005004,0.011697,-0.390501,1.041291
0.005005,0.007838,-0.428743,1.074359
0.005005,-0.008363,-0.441870,1.104684
0.006931,-0.042473,-0.433262,1.129901
0.005005,-0.075488,-0.402275,1.130810
0.005002,-0.089061,-0.359176,1.108566
0.005002,-0.073704,-0.321540,1.070665
0.005002,-0.053993,-0.290408,1.021414
0.005003,-0.042758,-0.271645,0.990187
0.005012,-0.034254,-0.266646,0.952633
0.005013,-0.037925,-0.270554,0.912810
0.005009,-0.050476,-0.265937,0.887716
0.005001,-0.066244,-0.279187,0.888282
0.005009,-0.082339,-0.283966,0.890969
0.005000,-0.131001,-0.319429,0.898211
0.005003,-0.227813,-0.346042,0.929632
0.005009,-0.344885,-0.317162,0.898742
0.005011,-0.474940,-0.314852,0.869498
0.005001,-0.535183,-0.313718,0.888694
0.006966,-0.447130,-0.289915,0.942001
0.005011,-0.273318,-0.262848,0.999527
0.005003,-0.115162,-0.242981,1.024883
0.005011,-0.001259,-0.237318,1.018760
0.005012,0.074106,-0.248966,0.997491
0.005006,0.142183,-0.289584,0.974353
0.005001,0.167318,-0.344319,0.942026
0.005009,0.137453,-0.358704,0.936794
0.005005,0.076098,-0.312882,0.973913
0.005008,0.011882,-0.232106,1.066548
0.005004,-0.037819,-0.150010,1.158712
0.005004,-0.071015,-0.094782,1.198320
0.005011,-0.087798,-0.073549,1.170675
0.005010,-0.074717,-0.082559,1.101181
0.005002,-0.035645,-0.096298,1.029166
0.006971,0.012548,-0.100204,0.989919
0.007839,0.062656,-0.097987,0.979202
0.005005,0.098511,-0.089829,0.990432
0.005002,0.098353,-0.076048,1.014532
0.005004,0.070754,-0.054481,1.036516
0.004999,0.026675,-0.030467,1.051413
0.005000,-0.018298,-0.016985,1.052877
0.005008,-0.065016,0.000638,1.036986
0.005000,-0.097827,-0.032056,1.063522
0.005002,-0.136956,0.003863,0.990566
0.005002,-0.139416,-0.037045,0.966837
0.005006,-0.153842,-0.051056,0.922969
0.005006,-0.158599,-0.059675,0.898608
0.005003,-0.157366,-0.055531,0.900789
0.005003,-0.168410,-0.030919,0.899906
0.006935,-0.175489,-0.018904,0.920930
0.005002,-0.172733,-0.015286,0.929658
0.005007,-0.159358,-0.006593,0.932412
0.005000,-0.150593,0.009151,0.959877
0.005003,-0.164771,0.041488,0.985920
0.005007,-0.184312,0.066114,1.002253
0.005000,-0.205673,0.076449,0.999306
0.005000,-0.225835,0.082529,0.984811
0.005004,-0.240422,0.087789,0.977424
0.005009,-0.248648,0.096492,0.969419
0.005003,-0.256814,0.100728,0.965159
0.005007,-0.277381,0.106262,0.966453
0.005002,-0.311181,0.093180,0.959227
0.005009,-0.337202,0.079178,0.950132
0.005004,-0.333610,0.069775,0.923760
0.005007,-0.328507,0.069693,0.896358
0.006953,-0.324223,0.079609,0.892081
0.005007,-0.315703,0.100120,0.904788
0.005011,-0.298429,0.120392,0.921569
0.004999,-0.279651,0.134989,0.916698
0.005000,-0.254744,0.135361,0.913378
0.005000,-0.221233,0.134669,0.908860
0.005009,-0.186964,0.137048,0.907707
0.005014,-0.148470,0.139409,0.920138
0.005003,-0.106666,0.141224,0.942679
0.004999,-0.072706,0.151597,0.969371
0.005007,-0.036104,0.160836,0.984371
0.005007,-0.009527,0.159979,1.000377
0.005008,-0.008602,0.147990,1.015043
0.005003,-0.026812,0.147848,1.043722
0.005002,-0.056505,0.157486,1.082778
0.006956,-0.087882,0.172817,1.127671
0.005010,-0.118153,0.193677,1.156490
0.005007,-0.145547,0.199834,1.159755
0.005000,-0.168152,0.195741,1.145395
0.005005,-0.191494,0.194072,1.140229
0.005007,-0.198615,0.190596,1.129734
0.005008,-0.195010,0.178737,1.102533
0.008486,-0.191218,0.156137,1.068827
0.005009,-0.182418,0.129113,1.053447
0.005005,-0.166615,0.117090,1.035217
0.005001,-0.152580,0.103000,1.020537
0.005001,-0.154931,0.093562,1.021103
0.005000,-0.169941,0.102763,1.026902
0.005004,-0.176745,0.127135,1.040256
0.005009,-0.162453,0.154276,1.041065
0.006930,-0.128703,0.182949,1.025656
0.005006,-0.090645,0.189995,1.006851
0.009776,-0.057770,0.185525,0.989445
0.005009,-0.031856,0.171868,0.971442
0.006522,-0.004638,0.166733,0.973073
0.009065,0.011561,0.161852,0.970936
0.005007,0.029572,0.158841,0.981868
0.005942,0.045812,0.169874,1.001960
0.005007,0.061091,0.180874,1.017428
0.014025,0.087186,0.193797,1.029053
0.005007,0.122878,0.203241,1.043690
0.011377,0.153123,0.216304,1.052876
0.005010,0.184889,0.226364,1.055246
0.009826,0.224304,0.235443,1.050244
0.005011,0.267621,0.245638,1.045732
0.005006,0.292420,0.257295,1.034731
0.005008,0.290453,0.268314,1.022946
0.005006,0.295679,0.267906,1.007554
0.005010,0.307156,0.247093,0.987156
0.005004,0.297150,0.231526,0.955729
0.005005,0.283838,0.212284,0.938163
0.005012,0.266149,0.201472,0.940462
0.005006,0.238881,0.171532,0.931871
0.005003,0.211567,0.152782,0.966848
0.005008,0.162468,0.123150,1.002479
0.005012,0.106507,0.108562,1.040261
0.006949,0.080022,0.114857,1.086339
0.005002,0.082025,0.128061,1.124886
0.005007,0.105952,0.175609,1.202845
0.005003,0.131656,0.120943,1.178148
0.005011,0.149379,0.143995,1.173396
0.005007,0.164282,0.171728,1.214713
0.005003,0.172524,0.183912,1.244447
0.005009,0.179868,0.184372,1.232409
0.005005,0.206326,0.177199,1.204424
0.005009,0.232349,0.185018,1.150900
0.005006,0.266626,0.184772,1.074345
0.005011,0.293820,0.183090,0.987706
0.005003,0.299850,0.184177,0.915145
0.005001,0.298403,0.194095,0.852425
0.005003,0.290721,0.193383,0.812594
0.006972,0.292161,0.188018,0.791686
0.005003,0.292072,0.186266,0.790690
0.005004,0.296432,0.177099,0.799868
0.005001,0.299810,0.156756,0.812446
0.005004,0.304309,0.137564,0.833110
0.005004,0.311706,0.117937,0.851772
0.005005,0.298284,0.096663,0.881641
0.005007,0.281655,0.065135,0.912275
0.005003,0.262692,0.034197,0.949359
0.005011,0.241276,0.018902,0.993781
0.005002,0.220081,0.010238,1.024499
0.005009,0.205681,0.000739,1.037831
0.005010,0.223896,0.000635,1.047197
0.005006,0.260207,0.012852,1.042377
0.005001,0.301840,0.024617,1.026846
0.005002,0.329693,0.022751,0.999208
0.006958,0.348598,0.025319,0.970745
0.005005,0.359655,0.031698,0.932243
0.005006,0.370383,0.026703,0.899574
0.005000,0.370548,0.015608,0.878459
0.005001,0.351747,-0.015575,0.864868
0.005002,0.295353,-0.062940,0.854069
0.005005,0.183219,-0.152324,0.824722
0.005005,0.146540,-0.155912,0.871908
0.005007,0.106114,-0.165949,0.942336
0.004999,0.066368,-0.174912,0.996436
0.005009,0.038231,-0.155356,1.026206
0.005003,0.019154,-0.151563,1.016621
0.005008,0.032984,-0.127765,1.014330
0.005000,0.049455,-0.108330,1.001544
0.005009,0.077501,-0.103681,1.007457
0.006977,0.067657,-0.083602,1.010386
0.005011,0.063327,-0.051629,1.023846
0.005004,0.026987,-0.126356,0.932795
0.005009,0.013160,-0.137804,0.916158
0.005008,-0.022814,-0.097507,0.923624
0.005011,-0.038329,-0.128791,0.879670
0.005007,-0.039346,-0.135480,0.855793
0.005007,-0.030078,-0.161450,0.915518
0.005008,-0.010161,-0.204618,0.960800
0.005008,-0.001628,-0.172847,1.054511
0.004999,-0.095262,-0.206313,1.075590
0.005011,-0.176214,-0.174193,1.058641
0.005003,-0.237724,-0.243137,0.972592
0.005000,-0.288297,-0.343568,0.848193
0.005011,-0.253674,-0.355943,0.867893
0.005012,-0.184906,-0.279998,0.980468
0.006944,-0.140842,-0.228805,1.052314
0.005008,-0.127474,-0.224926,1.070908
0.005010,-0.107386,-0.220747,1.084794
0.005012,-0.067915,-0.210973,1.097967
0.005006,-0.036294,-0.204140,1.128706
0.005009,-0.045678,-0.183770,1.094975
0.005004,-0.093300,-0.237441,1.008170
0.005012,-0.122026,-0.242162,0.953624
0.005001,-0.112821,-0.215049,0.962017
0.005003,-0.252148,-0.184041,0.846726
0.005007,-0.121560,-0.146796,0.914662
0.005004,-0.103229,-0.154153,0.889289
0.005008,-0.081671,-0.173496,0.863788
0.005002,-0.037475,-0.156263,0.889064
0.005008,-0.019243,-0.136026,0.926464
0.005010,-0.012857,-0.125892,0.923870
0.006961,0.018859,-0.121445,0.925496
0.005002,0.064949,-0.093669,0.949700
0.005002,0.084953,-0.091681,0.969683
0.005009,0.074441,-0.117652,0.970388
0.005011,0.027988,-0.127873,0.973362
0.005012,-0.009375,-0.127318,0.984328
0.005005,-0.029462,-0.122969,0.999172
0.005001,-0.051388,-0.121889,1.004968
0.005001,-0.069171,-0.112078,1.015711
0.005000,-0.095094,-0.103698,1.018334
0.005011,-0.112985,-0.091984,1.014303
0.005009,-0.131435,-0.042417,1.000591
0.005003,-0.102968,-0.038186,1.020570
0.005000,-0.111572,-0.020721,0.994065
0.005012,-0.161907,-0.107413,0.939670
0.006987,-0.115298,-0.103672,0.915873
0.005009,-0.091716,-0.095510,0.894256
0.005001,-0.046138,-0.069597,0.902106
0.005009,0.006354,-0.040044,0.919158
0.005007,0.051443,-0.036518,0.953769
0.005011,0.076112,-0.017004,0.985155
0.005007,0.083793,-0.019141,1.002044
0.005007,0.076701,-0.014929,1.017372
0.005002,0.067652,-0.012256,1.025741
0.005006,0.056495,-0.007109,1.035583
0.005004,0.026322,0.000445,1.028383
0.005009,0.004892,0.003407,1.032392
0.005010,-0.012978,0.008778,1.024254
0.005001,-0.023108,0.007942,1.011913
0.005005,-0.018134,0.003498,0.985687
0.005004,-0.003140,-0.012567,0.982145
0.006951,0.011472,-0.016591,0.972422
0.005007,0.029722,-0.028356,0.955895
0.005001,0.034215,-0.022740,0.924804
0.005011,0.049592,-0.021934,0.938370
0.005006,0.071861,-0.016160,0.945107
0.005013,0.088110,-0.022460,0.950575
0.005005,0.086343,-0.021772,0.943696
0.005001,0.080450,-0.030804,0.942798
0.005006,0.055905,-0.050636,0.951371
0.005006,0.007049,-0.059908,0.961557
0.004999,-0.058264,-0.062548,0.967953
0.005008,-0.113418,-0.059627,0.991851
0.005009,-0.146568,-0.051982,1.024479
0.005005,-0.167859,-0.050822,1.049600
0.005010,-0.194505,-0.050804,1.053861
0.006910,-0.221826,-0.051445,1.051739
0.005011,-0.242981,-0.050343,1.038797
0.005010,-0.252599,-0.032990,1.030193
0.005000,-0.254665,-0.010238,1.034266
0.005001,-0.239919,0.010977,1.001812
0.005011,-0.221525,0.016824,0.974224
0.005003,-0.219291,0.018769,0.972217
0.005011,-0.222900,0.023782,0.973743
0.004999,-0.209949,0.021415,0.974133
0.005007,-0.190789,0.020476,0.981912
0.005006,-0.182204,0.012746,0.994415
0.005007,-0.177950,-0.005636,0.992329
0.005007,-0.173939,-0.030046,0.983272
0.005010,-0.173675,-0.056904,0.970638
0.005003,-0.174709,-0.072864,0.962162
0.005009,-0.172229,-0.081541,0.954932
0.006949,-0.179171,-0.078148,0.948559
0.005003,-0.188476,-0.075132,0.962844
0.005000,-0.193438,-0.067288,0.964938
0.005006,-0.184127,-0.044987,0.941135
0.004999,-0.173988,-0.044328,0.940102
0.005006,-0.163868,-0.028757,0.916891
0.005011,-0.153592,-0.009855,0.895446
0.005012,-0.140465,0.013281,0.900879
0.005002,-0.127593,0.029818,0.918851
0.005009,-0.116401,0.047375,0.924684
0.005003,-0.110727,0.061815,0.925205
0.005002,-0.104748,0.074127,0.932946
0.005001,-0.105893,0.074847,0.947690
0.005000,-0.105652,0.063641,0.962894
0.008936,-0.107210,0.052873,0.970985
0.009479,-0.103880,0.045652,0.976440
0.005009,-0.100386,0.037079,0.979584
0.005005,-0.080031,0.027609,0.977146
0.005011,-0.045784,0.001503,0.962691
0.005001,-0.013690,-0.016995,0.941121
0.005000,0.015029,-0.017250,0.919718
0.005008,0.052189,0.000698,0.890587
0.005013,0.076285,0.015662,0.870992
0.005011,0.072339,0.023271,0.880400
0.005005,0.058816,0.046862,0.919605
0.005003,0.039575,0.074251,0.966447
0.005008,0.022667,0.097492,1.011499
0.005009,0.014259,0.125233,1.053678
0.005002,0.017176,0.132490,1.079074
0.005001,0.021302,0.133035,1.076636
0.006951,0.022738,0.126592,1.069148
0.005006,0.019284,0.120118,1.071096
0.005009,0.013392,0.116678,1.063998
0.005011,0.010478,0.115145,1.046439
0.005009,-0.002685,0.117686,1.015721
0.005007,-0.021372,0.122970,0.986151
0.005007,-0.038803,0.128897,0.964379
0.005006,-0.051673,0.137731,0.946316
0.005006,-0.055216,0.145088,0.932151
0.005009,-0.048104,0.144679,0.924646
0.005007,-0.045086,0.155625,0.929289
0.005011,-0.037000,0.162892,0.945419
0.005005,-0.037019,0.180347,0.974766
0.005004,-0.034756,0.204911,1.016566
0.005008,-0.016930,0.219810,1.058931
0.006971,-0.003202,0.227317,1.075006
0.005011,0.018294,0.215372,1.075018
0.005005,0.040875,0.227097,1.078375
0.005001,0.043507,0.223594,1.085469
0.005006,0.033352,0.205044,1.082311
0.005000,0.022915,0.188558,1.071634
0.005005,0.014939,0.187856,1.059556
0.005003,0.006419,0.185599,1.044659
0.005010,-0.006232,0.161069,1.015404
0.004999,-0.022935,0.133798,0.993260
0.005001,-0.049045,0.112948,0.991460
0.005004,-0.079018,0.118738,1.004176
0.005010,-0.110969,0.133715,1.014241
0.005007,-0.150129,0.140840,1.018225
0.006309,-0.187930,0.146105,1.036389
0.005007,-0.207739,0.154180,1.066764
0.006960,-0.214374,0.158537,1.094035
0.005011,-0.199146,0.165307,1.114254
0.005004,-0.167344,0.177799,1.124061
0.005002,-0.120837,0.184324,1.121990
0.005007,-0.062234,0.183792,1.102565
0.005002,-0.000070,0.176217,1.079837
0.005010,0.039196,0.173818,1.054571
0.005004,0.080200,0.157020,1.045512
0.005006,0.107400,0.149711,1.026562
0.005006,0.134679,0.146362,1.031541
0.005008,0.156998,0.145300,1.048015
0.005010,0.189947,0.155480,1.071648
0.005000,0.227976,0.160181,1.089902
0.005012,0.265853,0.179996,1.128645
0.005005,0.301827,0.147075,1.105801
0.006958,0.326716,0.159394,1.120896
0.005001,0.361546,0.179250,1.124530
0.005006,0.376232,0.170203,1.097321
0.005009,0.367607,0.152454,1.073051
0.005007,0.355805,0.146772,1.064659
0.005011,0.341324,0.146276,1.061551
0.005004,0.323413,0.155329,1.063960
0.005008,0.309408,0.146399,1.048614
0.005006,0.267171,0.117230,1.040981
0.005006,0.218621,0.111092,0.992058
0.005011,0.212817,0.111859,0.944542
0.005014,0.236849,0.125421,0.922190
0.005001,0.272362,0.130191,0.912681
0.005013,0.276216,0.139560,0.908717
0.005007,0.267568,0.136131,0.897906
0.005009,0.266217,0.127186,0.887958
0.006947,0.279872,0.122132,0.870305
0.005010,0.305409,0.108400,0.858084
0.005006,0.333228,0.101885,0.864486
0.005010,0.337345,0.093108,0.883948
0.005010,0.317254,0.083316,0.932331
0.005004,0.298545,0.072325,0.998837
0.005008,0.279590,0.062114,1.070616
0.005003,0.265480,0.048261,1.115802
0.005004,0.252249,0.038196,1.133942
0.005005,0.245117,0.015821,1.127052
0.005008,0.237603,-0.005913,1.116378
0.005006,0.234654,-0.032970,1.092833
0.005011,0.213508,-0.047748,1.068703
0.005009,0.211604,-0.058003,1.039699
0.005004,0.210999,-0.063269,0.977206
0.006952,0.208338,-0.059856,0.940359
0.005004,0.209087,-0.051156,0.937507
0.005009,0.223048,-0.032191,0.937911
0.005004,0.227140,-0.027921,0.915473
0.005005,0.212635,-0.022505,0.917715
0.005001,0.194307,-0.025306,0.912907
0.005002,0.194508,-0.046881,0.930984
0.005000,0.158206,-0.027266,0.922383
0.005004,0.128476,-0.034723,0.904164
0.005005,0.096737,-0.042159,0.896666
0.005004,0.094163,-0.042931,0.892124
0.005006,0.101613,-0.048749,0.873634
0.005005,0.106819,-0.053646,0.878628
0.005078,0.102831,-0.070794,0.875710
0.005007,0.096595,-0.087132,0.908942
0.005001,0.103968,-0.106292,0.961587
0.006950,0.087191,-0.102478,0.992996
0.004999,0.070258,-0.101862,1.001737
0.005006,0.051450,-0.103167,1.004242
0.005011,0.052805,-0.099719,1.011666
0.005002,0.066911,-0.096190,0.989679
0.005006,0.075974,-0.092655,0.950086
0.005008,0.081041,-0.071874,0.916927
0.005005,0.079565,-0.069859,0.902367
0.005010,0.109715,-0.028504,0.889872
0.005008,0.090986,-0.059826,0.858375
0.005005,0.070346,-0.049784,0.840762
0.005004,0.066193,-0.050405,0.839348
0.005000,0.077063,-0.045097,0.829213
0.005009,0.038435,-0.043024,0.869162
0.005010,0.076712,-0.022000,1.055324
0.005009,-0.095015,-0.208754,0.755163
0.006945,-0.272931,-0.086963,0.932067
0.005004,-0.253540,-0.236219,1.158694
0.005000,0.069127,-0.156351,0.472540
0.005001,-0.413938,-0.063599,0.635504
0.005001,-0.533313,-0.278915,0.971438
0.005008,-0.513758,-0.115619,0.992892
0.005004,-0.423060,-0.089009,1.306902
0.005011,0.848724,0.050699,1.413770
0.005009,0.810163,0.045720,-0.104882
0.005004,0.277204,-0.142530,0.469840
0.005009,-0.028092,-0.484453,0.900698
0.005001,-0.022450,-0.182677,0.839553
0.005006,-0.075054,-0.249307,0.997284
0.005006,-0.200729,-0.238507,1.130329
0.005010,-0.378556,-0.221850,1.161184
0.006948,-0.540840,-0.182652,1.169049
0.005001,-0.598146,-0.149686,1.151955
0.005009,-0.625571,-0.132629,1.166610
0.005001,-0.652778,-0.139143,1.192424
0.005000,-0.668125,-0.148731,1.205026
0.005009,-0.656264,-0.153117,1.184119
0.005002,-0.611875,-0.145078,1.138932
0.005001,-0.557433,-0.143591,1.058382
0.005005,-0.507464,-0.151670,0.963275
0.005007,-0.450187,-0.165453,0.891786
0.005001,-0.369227,-0.228491,0.819811
0.005002,-0.230002,-0.245413,0.809516
0.005001,-0.106699,-0.225978,0.824050
0.005009,-0.007683,-0.200240,0.869963
0.005001,0.063221,-0.184311,0.870447
0.005006,0.136921,-0.169797,0.883074
0.006921,0.206552,-0.148259,0.923138
0.005007,0.240960,-0.098024,0.983577
0.005008,0.252609,-0.042278,1.045284
0.005002,0.245149,-0.010635,1.083344
0.005011,0.218509,0.010647,1.107595
0.005007,0.179428,0.024662,1.134706
0.005012,0.146653,0.022777,1.154660
0.005003,0.132128,0.027353,1.155429
0.005004,0.131408,0.029954,1.140813
0.005006,0.136947,0.020964,1.103118
0.005008,0.148166,0.003296,1.056212
0.005006,0.169837,-0.017540,1.021224
0.005009,0.191555,-0.028248,0.987293
0.005008,0.189264,-0.029383,0.968604
0.005002,0.149488,-0.026169,0.975972
0.006960,0.084696,-0.014168,0.990927
0.005009,0.024876,0.003918,0.992074
0.005006,-0.009625,0.020811,0.986535
0.005003,-0.030074,0.030778,0.973588
0.005010,-0.036855,0.035003,0.957762
0.005003,-0.037118,0.037025,0.938814
0.005000,-0.021442,0.035255,0.921471
0.005004,-0.004343,0.035371,0.916031
0.005008,0.002693,0.034519,0.918132
0.005010,0.011214,0.031642,0.939182
0.005002,0.015156,0.028729,0.951937
0.005003,0.030516,0.029330,0.970782
0.005007,0.047734,0.037621,0.989635
0.005012,0.059473,0.040603,1.012852
0.005004,0.066218,0.042943,1.024984
0.005005,0.061976,0.039476,1.032214
0.006933,0.051760,0.016462,1.046244
0.005002,0.027035,-0.006779,1.052451
0.005006,0.006844,0.006188,1.045857
0.005005,-0.022208,-0.018895,1.068633
0.005005,-0.050947,-0.012870,1.037373
0.005000,-0.075089,-0.015411,1.027936
0.005000,-0.094127,0.003401,1.007786
0.008340,-0.094487,0.023997,0.981468
0.005010,-0.083146,0.038785,0.956402
0.005000,-0.083045,0.040008,0.944372
0.005008,-0.100559,0.040817,0.941108
0.005003,-0.125075,0.038221,0.939581
0.005003,-0.134471,0.036385,0.954394
0.005002,-0.158113,0.054607,0.939501
0.005007,-0.169597,0.061126,0.941793
0.006937,-0.183319,0.062394,0.949503
0.005005,-0.181462,0.052443,0.961120
0.005003,-0.180049,0.045313,0.972832
0.005007,-0.174210,0.039534,0.976319
0.005004,-0.152497,0.029283,0.963794
0.005003,-0.128265,0.008461,0.969451
0.005004,-0.143313,-0.005778,0.996180
0.005009,-0.176758,0.002910,1.020455
0.005009,-0.199500,0.015518,1.015568
0.005007,-0.217987,0.031069,1.001712
0.005008,-0.223586,0.031049,0.976611
0.005003,-0.212788,0.009719,0.958025
0.005009,-0.204477,-0.011387,0.942738
0.005000,-0.193723,-0.006217,0.939512
0.005008,-0.188542,0.014833,0.934488
0.005007,-0.176545,0.032696,0.931378
0.006912,-0.165251,0.043908,0.931106
0.005005,-0.147403,0.043711,0.930151
0.005006,-0.141583,0.048308,0.911721
0.005006,-0.143867,0.055216,0.894883
0.005002,-0.162597,0.063690,0.891081
0.005005,-0.183029,0.058032,0.901082
0.005004,-0.199786,0.049149,0.910562
0.005001,-0.201462,0.039366,0.911923
0.005002,-0.188014,0.036438,0.903638
0.005008,-0.185134,0.035823,0.896568
0.005008,-0.194171,0.037945,0.896331
0.005004,-0.213852,0.027967,0.899856
0.005002,-0.228345,0.023925,0.903265
0.005010,-0.218418,0.038134,0.919608
0.005002,-0.193555,0.060278,0.940202
0.006964,-0.167597,0.082833,0.956249
0.005000,-0.147054,0.097183,0.971068
0.005012,-0.118979,0.114833,0.990925
0.005006,-0.083531,0.139001,1.018037
0.005010,-0.053651,0.154817,1.047133
0.005002,-0.032794,0.148225,1.055018
0.005013,-0.017664,0.132874,1.052335
0.005005,-0.014003,0.104780,1.037732
0.005009,-0.026557,0.080783,1.021754
0.005005,-0.040601,0.063768,1.002753
0.005002,-0.043642,0.063900,0.988224
0.005004,-0.032136,0.072596,0.983271
0.005008,-0.011895,0.087346,0.983432
0.005012,0.019751,0.103114,0.993134
0.004999,0.066724,0.102178,0.992608
0.005003,0.092290,0.086358,1.004736
0.006970,0.087064,0.080651,0.998670
0.005011,0.071773,0.086937,0.982895
0.005001,0.051846,0.112200,0.988114
0.005007,0.043168,0.157662,1.005180
0.005009,0.040250,0.189536,1.018910
0.005007,0.044593,0.213233,1.035421
0.005003,0.056677,0.227288,1.042204
0.005002,0.072686,0.232214,1.044860
0.005001,0.087763,0.228067,1.038768
0.005000,0.108739,0.224115,1.031135
0.005011,0.120417,0.209839,1.020594
0.004999,0.122846,0.194954,1.011257
0.005012,0.117986,0.182369,1.012963
0.005008,0.111642,0.166208,1.027776
0.005005,0.091424,0.156577,1.041995
0.006981,0.065660,0.155549,1.053961
0.005003,0.047309,0.160295,1.069783
0.005003,0.048382,0.180980,1.099457
0.005008,0.057984,0.195857,1.109852
0.005008,0.074237,0.196877,1.124003
0.005010,0.089354,0.187137,1.133215
0.005005,0.091754,0.177242,1.144210
0.005000,0.072438,0.173952,1.146777
0.005002,0.057900,0.174653,1.150493
0.005000,0.047098,0.187903,1.147231
0.005005,0.037625,0.206731,1.146805
0.005006,0.027383,0.213459,1.139797
0.005007,0.015055,0.193901,1.116052
0.005011,0.014311,0.172225,1.100318
0.005005,0.031293,0.155651,1.081177
0.005008,0.055667,0.128974,1.047374
0.006943,0.049909,0.109083,1.024019
0.005008,0.014118,0.102470,1.003011
0.005014,0.031234,0.071544,1.035858
0.005006,-0.021615,0.161697,1.051686
0.005011,-0.048298,0.132026,1.059794
0.005009,-0.050078,0.124908,1.036568
0.005009,-0.028897,0.106780,1.022044
0.005006,0.021572,0.083470,1.032841
0.005005,0.046452,0.119215,1.059454
0.005002,0.067115,0.109049,1.082338
0.005001,0.087660,0.120247,1.104577
0.005004,0.118086,0.125081,1.122500
0.005009,0.133716,0.127218,1.145513
0.005008,0.170550,0.134238,1.169415
0.005000,0.197461,0.125093,1.178479
0.005001,0.213325,0.118624,1.171254
0.006910,0.223586,0.132294,1.165685
0.005009,0.230658,0.082334,1.147358
0.005001,0.304382,0.066352,1.146056
0.005004,0.286383,0.103666,1.074360
0.005000,0.235813,0.193280,1.085367
0.005008,0.210514,0.166100,1.063077
0.005009,0.264972,0.164354,1.005028
0.005011,0.306297,0.149516,0.926273
0.005006,0.328682,0.105792,0.868726
0.005011,0.344978,0.088050,0.834526
0.005009,0.360854,0.085004,0.789393
0.005007,0.359942,0.083813,0.759838
0.005004,0.346505,0.076589,0.765312
0.005010,0.323748,0.069419,0.785863
0.005003,0.322202,0.054116,0.830745
0.006955,0.295483,0.052711,0.867182
0.005010,0.283486,0.061604,0.910633
0.005004,0.276431,0.070823,0.950828
0.005010,0.279650,0.055565,0.979936
0.005009,0.285522,0.056468,0.995508
0.005001,0.280103,0.043152,1.003275
0.005009,0.286008,0.018885,1.009088
0.005004,0.286864,0.008191,0.992375
0.005007,0.292887,-0.012938,0.979635
0.005011,0.295334,-0.032471,0.969555
0.005004,0.299195,-0.046915,0.961784
0.005005,0.301235,-0.060814,0.949175
0.005005,0.296485,-0.072353,0.931882
0.005000,0.293693,-0.070794,0.920227
0.005006,0.303033,-0.064581,0.913568
0.005011,0.303553,-0.056619,0.918010
0.006981,0.282626,-0.052035,0.912266
0.005000,0.256612,-0.044316,0.911230
0.005002,0.240607,-0.034253,0.908561
0.005006,0.232358,-0.026057,0.910097
0.005003,0.228108,-0.044698,0.890529
0.005011,0.223058,-0.078143,0.864077
0.005002,0.216542,-0.101207,0.832484
0.005007,0.205960,-0.116054,0.821415
0.005004,0.182372,-0.141540,0.823120
0.007505,0.147148,-0.181070,0.817667
0.005009,0.104616,-0.222153,0.820332
0.005002,0.050474,-0.241525,0.859681
0.005009,-0.000922,-0.232999,0.898203
0.005008,-0.044070,-0.222114,0.950937
0.005007,-0.066413,-0.198771,1.021527
0.006955,-0.075684,-0.159371,1.061161
0.005002,-0.070330,-0.136338,1.085738
0.005002,-0.072725,-0.115400,1.083422
0.005003,-0.071767,-0.100079,1.064807
0.005010,-0.072051,-0.090687,1.033564
0.005006,-0.069217,-0.084155,0.989662
0.005010,-0.054078,-0.079962,0.939369
0.005001,-0.036708,-0.078978,0.888926
0.005000,-0.023797,-0.082726,0.840887
0.005001,-0.007611,-0.093681,0.800340
0.005004,0.012742,-0.102286,0.766447
0.005006,0.027475,-0.111363,0.726047
0.004999,0.024120,-0.124191,0.696819
0.005011,-0.001327,-0.137319,0.677417
0.005006,-0.037493,-0.159800,0.667082
0.006957,-0.074757,-0.176948,0.670327
0.005006,-0.110344,-0.187190,0.692609
0.005002,-0.144476,-0.196251,0.724431
0.005001,-0.182375,-0.197990,0.751606
0.005010,-0.216343,-0.189814,0.777288
0.005001,-0.237912,-0.167580,0.813037
0.005010,-0.244280,-0.132032,0.855415
0.005002,-0.232783,-0.101936,0.900038
0.005007,-0.203326,-0.081036,0.938229
0.005003,-0.168467,-0.063861,0.952840
0.005010,-0.130283,-0.051035,0.953669
0.005009,-0.099960,-0.051738,0.947313
0.005002,-0.076852,-0.062102,0.933615
0.005003,-0.060142,-0.081130,0.919225
0.005009,-0.054530,-0.098285,0.903679
0.005001,-0.050872,-0.119331,0.902165
0.006942,-0.047304,-0.138844,0.908183
0.005009,-0.049054,-0.156233,0.912040
0.005006,-0.055963,-0.174789,0.909551
0.005005,-0.066334,-0.196142,0.909544
0.005006,-0.090653,-0.210372,0.923909
0.005007,-0.137775,-0.212121,0.939852
0.005004,-0.194431,-0.203191,0.961712
0.005005,-0.249949,-0.187138,0.977761
0.005003,-0.304005,-0.164799,0.998991
0.005010,-0.350621,-0.151849,1.010603
0.005011,-0.374931,-0.122311,1.036967
0.005013,-0.409514,-0.020874,1.223110
0.005010,-0.425908,-0.034525,1.218809
0.005009,-0.377208,-0.119549,1.121842
0.005008,-0.308349,-0.164688,1.063716
0.008687,-0.258362,-0.159267,1.066271
0.006968,-0.236595,-0.128678,1.125654
0.005008,-0.223622,-0.084536,1.194577
0.005009,-0.215796,-0.057813,1.230989
0.005004,-0.215760,-0.032524,1.271278
0.005010,-0.208050,-0.032821,1.257997
0.005001,-0.188190,-0.060697,1.218484
0.005004,-0.160126,-0.076739,1.183663
0.005011,-0.135645,-0.076338,1.161202
0.005008,-0.125299,-0.058242,1.167126
0.005000,-0.130241,-0.039229,1.169795
0.005006,-0.147137,-0.014647,1.164432
0.005012,-0.174994,-0.010091,1.132191
0.005006,-0.200839,0.000134,1.097488
0.005007,-0.223492,-0.002780,1.068465
0.006972,-0.237668,-0.019336,1.058450
0.005011,-0.242060,-0.033565,1.032898
0.005000,-0.233254,-0.026145,0.975842
0.005010,-0.210696,-0.028327,0.964555
0.005008,-0.182437,-0.008629,0.969448
0.005008,-0.155412,0.017045,0.972088
0.005004,-0.130777,0.024266,0.973113
0.005009,-0.108029,0.016104,0.969044
0.005002,-0.094400,0.011341,0.960381
0.005005,-0.080267,0.018839,0.957095
0.005008,-0.057712,0.023574,0.971311
0.005000,-0.033912,0.035678,0.972281
0.005002,-0.023654,0.036850,0.987332
0.005011,-0.028749,0.036230,1.018011
0.005010,-0.034410,0.058155,1.024527
0.005002,-0.036984,0.064646,1.030854
0.006955,-0.042668,0.079700,1.029709
0.005002,-0.051603,0.094111,1.033453
0.005010,-0.065253,0.109378,1.046476
0.005009,-0.069537,0.118663,1.037362
0.005006,-0.056779,0.111846,1.020549
0.005012,-0.043542,0.086813,1.001307
0.005001,-0.039263,0.055740,0.978793
0.005007,-0.033253,0.028453,0.959759
0.005003,-0.019798,0.017480,0.941408
0.005010,-0.005834,0.027610,0.940332
0.005006,0.004421,0.059522,0.954310
0.005000,0.016791,0.086286,0.957810
0.005008,0.024806,0.103551,0.952081
0.005004,0.032958,0.111769,0.953660
0.005004,0.028341,0.123750,0.955266
0.005002,0.019815,0.123170,0.961130
0.006957,-0.002667,0.128327,0.974766
0.005006,-0.020120,0.134404,0.978044
0.005001,-0.029413,0.131420,0.977485
0.005010,-0.042339,0.131078,0.985238
0.005011,-0.052178,0.139151,0.993864
0.005006,-0.053209,0.159036,1.008130
0.005009,-0.046382,0.170779,1.013052
0.005005,-0.032872,0.164499,1.011614
0.005011,-0.019833,0.151042,1.007281
0.005007,-0.007630,0.137822,0.999913
0.005005,-0.001337,0.128273,0.994623
0.005005,0.004856,0.121860,0.981725
0.005001,0.011889,0.129556,0.971064
0.005006,0.015036,0.144375,0.962082
0.005004,0.007760,0.155957,0.964481
0.006947,-0.011256,0.158367,0.969012
0.005007,-0.033696,0.146765,0.971039
0.005001,-0.055002,0.140441,0.966379
0.005004,-0.067434,0.140473,0.955612
0.005007,-0.071417,0.158094,0.947053
0.005002,-0.076595,0.142389,0.960425
0.005010,-0.061368,0.159424,0.967888
0.005006,-0.039831,0.155448,0.979500
0.005003,-0.032437,0.139662,0.977328
0.005011,-0.039206,0.136684,0.967147
0.005005,-0.053127,0.139854,0.962393
0.005006,-0.073011,0.144039,0.962175
0.004999,-0.084745,0.147252,0.970933
0.005009,-0.088338,0.159547,0.985303
0.005005,-0.079888,0.166188,0.994217
0.005001,-0.069616,0.171968,0.991487
0.006956,-0.058157,0.171791,0.994568
0.005005,-0.032677,0.168140,0.999744
0.005004,-0.000651,0.171795,1.005286
0.005010,0.019759,0.169347,1.012339
0.005005,0.023727,0.168027,1.024986
0.005005,0.034801,0.182931,1.041029
0.005002,0.047559,0.183390,1.040955
0.005013,0.064566,0.174621,1.037513
0.005003,0.072416,0.166471,1.031864
0.005007,0.077079,0.176684,1.035477
0.005004,0.097952,0.180819,1.037139
0.004999,0.125226,0.174339,1.034286
0.005010,0.153179,0.164700,1.039869
0.005003,0.185122,0.153314,1.058118
0.005000,0.202646,0.148574,1.074242
0.006974,0.213536,0.146719,1.086723
0.005010,0.220098,0.150635,1.086349
0.005004,0.229561,0.154922,1.090113
0.005010,0.226627,0.152695,1.080987
0.005003,0.225202,0.146347,1.080328
0.005001,0.216924,0.143018,1.086845
0.005005,0.204295,0.137814,1.083283
0.005000,0.202268,0.128833,1.086254
0.005011,0.206385,0.127491,1.096214
0.005002,0.214565,0.128307,1.110233
0.005000,0.228096,0.137584,1.129651
0.005008,0.234967,0.140172,1.132681
0.005006,0.237562,0.127288,1.106007
0.005542,0.250438,0.117756,1.089277
0.005003,0.263155,0.056369,1.090881
0.005005,0.205704,0.064419,1.064551
0.006952,0.219704,0.048316,1.025172
0.005007,0.315270,0.074494,1.027626
0.005004,0.402175,0.076356,1.048095
0.005001,0.436038,0.056762,1.059216
0.005009,0.439673,0.037017,1.049455
0.005003,0.412714,0.031441,1.030681
0.005008,0.372840,0.033157,1.019035
0.005011,0.333995,0.040531,1.020810
0.005006,0.300868,0.043581,1.016268
0.005010,0.268135,0.037842,1.004851
0.005001,0.235155,0.018185,0.996178
0.005007,0.208624,-0.003529,0.999160
0.005007,0.197583,-0.013183,1.004644
0.005011,0.185582,-0.024054,1.011461
0.005009,0.165274,-0.019819,1.029194
0.006948,0.152555,-0.019544,1.046594
0.005004,0.129577,-0.024344,1.063345
0.005006,0.092795,-0.016986,1.080063
0.005003,0.060607,-0.021883,1.100055
0.005004,0.028934,-0.012922,1.104169
0.005009,0.016559,-0.004187,1.109708
0.005011,0.010051,0.006121,1.108351
0.005006,0.009904,0.005653,1.087347
0.005007,0.010293,-0.004454,1.043355
0.005081,0.021651,-0.013147,0.998211
0.005007,0.038647,-0.037347,0.935509
0.005008,0.027516,-0.052858,0.874698
0.005001,0.009055,-0.059405,0.828252
0.005001,-0.008094,-0.076201,0.805763
0.005125,-0.028655,-0.099558,0.788137
0.005000,-0.052892,-0.120721,0.768745
0.006940,-0.072864,-0.125337,0.771414
0.005008,-0.087786,-0.122218,0.792114
0.005007,-0.096176,-0.114237,0.814822
0.005001,-0.097231,-0.105823,0.842652
0.005002,-0.091520,-0.102609,0.871918
0.004999,-0.074637,-0.085091,0.897000
0.005011,-0.062904,-0.063751,0.908077
0.005009,-0.056278,-0.046002,0.926510
0.005000,-0.039643,-0.031038,0.950032
0.005007,-0.015238,-0.011400,0.967379
0.005009,0.015729,-0.010264,0.970338
0.005008,0.039577,-0.025713,0.951049
0.005007,0.058005,-0.047274,0.935132
0.005001,0.073775,-0.073540,0.912554
0.005004,0.086921,-0.103107,0.883493
0.004999,0.097158,-0.121982,0.863643
0.006946,0.104580,-0.133093,0.861037
0.004999,0.096224,-0.131948,0.862562
0.005011,0.081956,-0.125420,0.871720
0.004999,0.066834,-0.120022,0.882096
0.005000,0.049671,-0.108324,0.885572
0.005000,0.048294,-0.089024,0.885339
0.005007,0.056698,-0.071247,0.892710
0.005001,0.067718,-0.060658,0.893080
0.005000,0.083570,-0.056143,0.888730
0.005012,0.096023,-0.053538,0.863640
0.005002,0.095014,-0.065220,0.847877
0.005003,0.088349,-0.090108,0.821443
0.005000,0.079735,-0.114197,0.810522
0.005008,0.074024,-0.127860,0.820586
0.005004,0.071680,-0.123783,0.844284
0.006977,0.070087,-0.123609,0.870099
0.005010,0.068053,-0.127197,0.881763
0.005001,0.060310,-0.133589,0.898511
0.005000,0.048756,-0.129321,0.915702
0.005004,0.041744,-0.122333,0.925729
0.005004,0.041444,-0.106925,0.937282
0.005005,0.046007,-0.092783,0.946682
0.005012,0.049960,-0.088921,0.932563
0.005010,0.060524,-0.095942,0.914716
0.005000,0.072019,-0.096811,0.901492
0.005000,0.072411,-0.084519,0.904877
0.005007,0.062966,-0.063189,0.902224
0.005003,0.055166,-0.062077,0.891450
0.005005,0.041589,-0.087250,0.870439
0.005000,0.022151,-0.110802,0.849467
0.005012,-0.000240,-0.132886,0.844491
0.006943,-0.019256,-0.145514,0.850733
0.005002,-0.040648,-0.156832,0.859382
0.005005,-0.067835,-0.174109,0.870871
0.005012,-0.099163,-0.181042,0.899003
0.005004,-0.133134,-0.169699,0.944249
0.005007,-0.157080,-0.149923,0.990056
0.005008,-0.174476,-0.128368,1.030583
0.009261,-0.182287,-0.101733,1.059322
0.005007,-0.174671,-0.078265,1.080104
0.005001,-0.158424,-0.063884,1.084111
0.005004,-0.134093,-0.061913,1.086036
0.005007,-0.121563,-0.065436,1.080099
0.005009,-0.114319,-0.065042,1.073434
0.005005,-0.115495,-0.060431,1.063476
0.005001,-0.118193,-0.061991,1.048719
0.006952,-0.124977,-0.075305,1.009274
0.005006,-0.143702,-0.090190,0.970379
0.005004,-0.157847,-0.099845,0.950319
0.005002,-0.159895,-0.103465,0.952264
0.005011,-0.151371,-0.097216,0.959152
0.005008,-0.155432,-0.093652,0.956552
0.005001,-0.170880,-0.105573,0.950877
0.005001,-0.180233,-0.107154,0.937163
0.005003,-0.178977,-0.098841,0.946410
0.005006,-0.165652,-0.087573,0.966926
0.005007,-0.154445,-0.075893,0.989115
0.005008,-0.168587,-0.062984,1.033150
0.005006,-0.162920,-0.055792,1.040940
0.005001,-0.162431,-0.049510,1.034746
0.004999,-0.149210,-0.044983,1.040652
0.007018,-0.140222,-0.045475,1.043441
0.005005,-0.152061,-0.057097,1.040002
0.005009,-0.177522,-0.065994,1.045008
0.005005,-0.191622,-0.068346,1.057739
0.005006,-0.190262,-0.068981,1.066024
0.005007,-0.183358,-0.071620,1.059412
0.005001,-0.174177,-0.075292,1.053124
0.005008,-0.171397,-0.076510,1.051292
0.005008,-0.172795,-0.076843,1.051605
0.005002,-0.172843,-0.075167,1.030990
0.005002,-0.184243,-0.074711,1.010156
0.005001,-0.192166,-0.078411,0.992849
0.005006,-0.193202,-0.082281,0.977648
0.005004,-0.190069,-0.053515,0.957548
0.005003,-0.195797,-0.046364,0.960270
0.005005,-0.196207,-0.025125,0.960359
0.006961,-0.199137,-0.011366,0.957721
0.005007,-0.191007,-0.000826,0.948330
0.005006,-0.168008,0.003970,0.931797
0.005004,-0.153987,-0.006770,0.905793
0.005001,-0.148497,-0.024969,0.880337
0.005005,-0.148793,-0.029814,0.865562
0.006303,-0.138618,-0.039912,0.836528
0.005005,-0.122476,-0.042781,0.822976
0.005006,-0.108753,-0.027527,0.832782
0.005001,-0.094621,-0.014436,0.867781
0.005009,-0.075379,0.014243,0.924793
0.005000,-0.050757,0.032834,0.968875
0.005011,-0.025939,0.053919,0.994022
0.005012,-0.000153,0.062388,1.025608
0.005009,0.020225,0.063578,1.033325
0.007020,0.034228,0.055893,1.037000
0.005009,0.050445,0.059464,1.043763
0.005004,0.061950,0.050280,1.024464
0.005006,0.062423,0.055707,1.013719
0.005006,0.054506,0.079459,1.014783
0.005000,0.037713,0.087796,1.024279
0.005010,0.024671,0.091946,1.024525
0.005005,0.008940,0.092435,1.019189
0.005001,-0.017529,0.085589,1.007366
0.005004,-0.045119,0.075374,0.993513
0.005003,-0.063614,0.065550,0.975776
0.005005,-0.078468,0.057662,0.967948
0.005006,-0.095640,0.066394,0.977415
0.005000,-0.109909,0.084870,1.003619
0.005001,-0.105866,0.116229,1.040827
0.005006,-0.089784,0.138279,1.072821
0.006932,-0.068512,0.150348,1.087316
0.005004,-0.051534,0.157173,1.099297
0.005002,-0.041154,0.156602,1.103678
0.005005,-0.023629,0.155490,1.098903
0.005006,-0.001643,0.164561,1.094064
0.005001,0.022009,0.175728,1.092060
0.005008,0.036729,0.181847,1.082305
0.005003,0.049152,0.176537,1.068595
0.005010,0.050364,0.175167,1.059924
0.005002,0.052949,0.179953,1.052729
0.005000,0.049225,0.174066,1.045713
0.005001,0.038157,0.174475,1.044750
0.005007,0.017960,0.168882,1.030360
0.005005,0.005854,0.175898,1.013674
0.005003,-0.017721,0.154517,1.006615
0.006909,-0.044219,0.142220,0.994963
0.005002,-0.050492,0.143813,0.997375
0.005003,-0.042248,0.159784,1.027236
0.005005,-0.041140,0.208195,1.066086
0.005011,-0.051518,0.219930,1.080371
0.005007,-0.057011,0.235164,1.095545
0.005009,-0.059927,0.246270,1.115900
0.005001,-0.053242,0.239735,1.125897
0.005007,-0.036224,0.230493,1.145106
0.005007,-0.023462,0.224915,1.171477
0.005004,-0.025105,0.214692,1.189849
0.005009,-0.033484,0.198405,1.178301
0.005011,-0.036514,0.181589,1.145408
0.005006,-0.035998,0.172354,1.110052
0.005006,-0.033356,0.167572,1.085839
0.005007,-0.021702,0.160447,1.061504
0.006950,-0.002054,0.156054,1.040420
0.005007,0.029837,0.153431,1.032086
0.005006,0.064368,0.141299,1.028465
0.005005,0.092908,0.124927,1.023511
0.005001,0.114262,0.122479,1.017811
0.005003,0.129195,0.124353,1.018004
0.005275,0.132559,0.133982,1.022148
0.005011,0.127596,0.148938,1.026219
0.005002,0.118939,0.177501,1.044567
0.005006,0.097687,0.204443,1.073507
0.005001,0.075831,0.223865,1.105559
0.005011,0.066100,0.238782,1.130074
0.005007,0.065020,0.243515,1.148142
0.005003,0.059574,0.236083,1.144241
0.005008,0.062581,0.239248,1.137551
0.006939,0.059818,0.225251,1.100300
0.005006,0.065506,0.206163,1.054323
0.005006,0.089704,0.196298,1.020317
0.005007,0.123287,0.195026,1.010448
0.005009,0.157071,0.190677,1.020039
0.005010,0.192963,0.170131,1.019404
0.005011,0.248369,0.142692,1.006611
0.005005,0.308801,0.112825,0.977478
0.005010,0.330787,0.119449,0.963639
0.005003,0.336351,0.151877,0.975923
0.005009,0.342071,0.177691,0.981135
0.005000,0.357747,0.181209,0.988350
0.005005,0.369389,0.183214,0.994883
0.005000,0.393439,0.185056,1.004830
0.005010,0.418127,0.181989,1.003138
0.005507,0.431885,0.177023,1.004098
0.006971,0.435881,0.169830,1.011650
0.005000,0.440125,0.162564,1.013687
0.005006,0.444036,0.150616,1.012333
0.005003,0.442374,0.131017,1.010885
0.005008,0.438551,0.111495,1.013196
0.005002,0.439647,0.094530,1.014144
0.005005,0.441389,0.075617,1.008208
0.005005,0.436252,0.050744,0.996597
0.005006,0.426522,0.026444,0.992203
0.005202,0.395965,0.001554,1.001260
0.005008,0.349038,-0.009556,1.027823
0.005006,0.307560,-0.026722,1.047937
0.005008,0.277987,-0.070424,1.055207
0.005006,0.197664,-0.112489,1.058123
0.005007,0.166943,-0.105970,1.057350
0.006972,0.163242,-0.084986,1.072326
0.005123,0.155018,-0.090480,1.109698
0.005003,0.139758,-0.108924,1.089435
0.005006,0.117515,-0.116631,1.076258
0.005000,0.095053,-0.113263,1.060109
0.005010,0.090952,-0.110351,1.028643
0.005007,0.090249,-0.098460,0.996254
0.005012,0.100931,-0.087311,0.953015
0.005000,0.099355,-0.087365,0.910108
0.005002,0.078451,-0.085316,0.878139
0.005009,0.055650,-0.098582,0.865857
0.005012,0.036846,-0.104521,0.849987
0.005010,0.022856,-0.107771,0.836036
0.005004,0.013907,-0.125954,0.825808
0.005007,0.011794,-0.147541,0.832080
0.005005,-0.002914,-0.162994,0.838584
0.007485,-0.034680,-0.160643,0.855764
0.005010,-0.055777,-0.150632,0.864777
0.005192,-0.069247,-0.152276,0.864876
0.005008,-0.089795,-0.142146,0.905509
0.005471,-0.087426,-0.117162,0.920784
0.005008,-0.063006,-0.099430,0.935563
0.005009,-0.023205,-0.078986,0.937711
0.005009,0.000225,-0.053222,0.912005
0.005008,0.014683,-0.039320,0.910655
0.005006,0.037744,-0.026629,0.890002
0.005010,0.060997,-0.021566,0.850879
0.004999,0.082856,-0.032087,0.808043
0.005004,0.091653,-0.051019,0.768533
0.005008,0.095555,-0.062876,0.735785
0.005000,0.099471,-0.075123,0.704323
0.006988,0.104169,-0.095662,0.685198
0.005009,0.090950,-0.120963,0.678614
0.005010,0.059902,-0.129450,0.686471
0.005007,0.013694,-0.136328,0.720557
0.005003,-0.034642,-0.143495,0.763171
0.005010,-0.075329,-0.156474,0.809211
0.004999,-0.106942,-0.160256,0.866092
0.005007,-0.118923,-0.156565,0.918992
0.005010,-0.120791,-0.150719,0.964334
0.005009,-0.120396,-0.141223,0.990336
0.005004,-0.108751,-0.132150,1.004530
0.005002,-0.091313,-0.112011,1.022001
0.005009,-0.076799,-0.120231,0.999384
0.005011,-0.060178,-0.118905,0.984698
0.005004,-0.052006,-0.098940,0.971576
0.005002,-0.044993,-0.075249,0.949186
0.011322,-0.031810,-0.064819,0.926139
0.005005,-0.021145,-0.068361,0.913941
0.005008,-0.011043,-0.100567,0.882775
0.005008,-0.008150,-0.151602,0.845220
0.005005,-0.014499,-0.206280,0.815220
0.005009,-0.042366,-0.213912,0.830382
0.005008,-0.082252,-0.233666,0.856128
0.005003,-0.116118,-0.239540,0.895457
0.005009,-0.127906,-0.241750,0.928602
0.005000,-0.144833,-0.257343,0.937724
0.005000,-0.172428,-0.256341,0.957197
0.005002,-0.192171,-0.222511,0.976373
0.005000,-0.194685,-0.186307,1.001303
0.005009,-0.190076,-0.150602,1.030030
0.005008,-0.178004,-0.130040,1.054095
0.006915,-0.168783,-0.123960,1.054593
0.005002,-0.161964,-0.116258,1.050170
0.005001,-0.145485,-0.110895,1.042085
0.005008,-0.126551,-0.101845,1.037456
0.005010,-0.107343,-0.106227,1.028738
0.005006,-0.094744,-0.117770,1.012987
0.005008,-0.090124,-0.128017,0.992353
0.005007,-0.090922,-0.135692,0.976628
0.005001,-0.088154,-0.137648,0.962686
0.005011,-0.079696,-0.140528,0.962481
0.005005,-0.078668,-0.143426,0.955365
0.005006,-0.082045,-0.141571,0.950409
0.005007,-0.086839,-0.135860,0.960986
0.005007,-0.091673,-0.129898,0.982101
0.005001,-0.097539,-0.116229,1.001706
0.006939,-0.102675,-0.095631,1.020583
0.005011,-0.108480,-0.050257,1.042508
0.005010,-0.116137,-0.056278,1.089318
0.005010,-0.110211,-0.023207,1.068323
0.005001,-0.105827,-0.017098,1.058584
0.005006,-0.106428,-0.009297,1.045157
0.005010,-0.103810,0.000307,1.038387
0.005003,-0.091929,0.015025,1.029905
0.005010,-0.070660,0.016253,1.025781
0.006486,-0.043584,0.015794,1.011766
0.005996,-0.030106,0.006461,0.998614
0.007169,-0.018302,-0.000421,0.971141
0.009123,-0.012532,-0.003285,0.955463
0.005548,-0.017231,-0.001660,0.937937
0.006959,-0.020299,-0.001481,0.925760
0.005007,-0.030288,-0.009937,0.921883
0.005001,-0.034972,-0.007148,0.902563
0.005011,-0.040475,-0.016515,0.881711
0.005010,-0.054024,-0.006205,0.879139
0.005004,-0.059624,0.015101,0.896113
0.005005,-0.065962,0.032943,0.922634
0.005004,-0.082551,0.045104,0.936054
0.005009,-0.092479,0.057423,0.942558
0.005010,-0.107461,0.067898,0.954181
0.005002,-0.120927,0.079852,0.965763
0.005004,-0.136830,0.092930,0.976411
0.005004,-0.144702,0.103251,0.983468
0.005000,-0.156789,0.111454,0.987673
0.005008,-0.164763,0.111062,0.998390
0.005011,-0.174647,0.117500,1.000445
0.006909,-0.178505,0.111000,0.979121
0.005011,-0.183015,0.092997,0.948771
0.005005,-0.188388,0.080459,0.924834
0.005012,-0.195899,0.074351,0.915649
0.005002,-0.206612,0.075332,0.911978
0.005002,-0.216029,0.081546,0.923678
0.005001,-0.217859,0.088438,0.934261
0.005007,-0.206259,0.092715,0.948376
0.005004,-0.184242,0.086978,0.955297
0.005003,-0.164013,0.082320,0.957487
0.005007,-0.140518,0.086605,0.953676
0.005003,-0.115218,0.091442,0.960480
0.005006,-0.095158,0.093057,0.966573
0.005001,-0.088707,0.089423,0.974467
0.005008,-0.089693,0.100884,0.974202
0.006972,-0.079729,0.090767,0.981078
0.005000,-0.071434,0.097284,0.996386
0.005003,-0.057477,0.105645,1.014984
0.004999,-0.046236,0.111001,1.034319
0.005008,-0.026546,0.104083,1.049295
0.005000,-0.018442,0.105938,1.065458
0.005127,-0.013683,0.098990,1.068496
0.005008,-0.020131,0.092345,1.066991
0.005010,-0.020881,0.093737,1.059073
0.005009,-0.022635,0.092868,1.045300
0.005002,-0.023614,0.086779,1.028906
0.004999,-0.016130,0.072011,1.011507
0.005008,-0.017481,0.054846,1.002382
0.005004,-0.035601,0.044244,0.981498
0.005003,-0.034639,0.044246,0.971153
0.005008,-0.032653,0.047933,0.971531
0.006953,-0.040709,0.047837,0.978291
0.005010,-0.054229,0.044444,0.988716
0.005008,-0.065548,0.044195,0.989461
0.005007,-0.075066,0.054132,1.004527
0.005005,-0.073049,0.065965,1.018756
0.005002,-0.064027,0.076394,1.031909
0.005006,-0.042559,0.082135,1.045438
0.005000,-0.009846,0.087046,1.067676
0.005002,0.023979,0.090938,1.088398
0.005007,0.054029,0.101171,1.108169
0.005003,0.075637,0.106157,1.119515
0.005002,0.093974,0.111349,1.129708
0.005013,0.102829,0.116241,1.133159
0.005012,0.102250,0.110710,1.130899
0.005003,0.096114,0.097738,1.113246
0.006967,0.081789,0.078874,1.085602
0.005010,0.066427,0.065941,1.051864
0.005012,0.053841,0.061800,1.024498
0.005007,0.050380,0.056201,0.996780
0.005009,0.052146,0.054194,0.980895
0.005012,0.041750,0.053583,0.976500
0.005005,0.021931,0.060288,0.984139
0.005004,-0.000463,0.071650,0.993855
0.005000,-0.010217,0.086124,1.004742
0.005007,-0.016798,0.099313,1.011550
0.005010,-0.018522,0.094545,1.019047
0.005007,-0.008138,0.095399,1.023454
0.005009,0.005376,0.096903,1.044660
0.005008,0.020417,0.107774,1.058692
0.005004,0.028218,0.099232,1.061456
0.005000,0.028460,0.109413,1.066219
0.006955,0.025368,0.120325,1.078796
0.005007,0.030151,0.137815,1.087323
0.005007,0.045828,0.152568,1.100882
0.005004,0.057531,0.153928,1.101758
0.005011,0.075643,0.144084,1.105188
0.005000,0.098625,0.134393,1.100288
0.005009,0.107526,0.126297,1.091319
0.005003,0.105544,0.124801,1.090421
0.005000,0.095282,0.129094,1.096457
0.005006,0.090723,0.141512,1.111211
0.005008,0.093711,0.136701,1.132833
0.005000,0.105518,0.135067,1.140000
0.004999,0.123485,0.136635,1.150026
0.005004,0.133121,0.139716,1.151441
0.005007,0.141857,0.143716,1.153509
0.005009,0.147617,0.140568,1.151640
0.006880,0.146590,0.136075,1.141118
0.008764,0.152350,0.142250,1.140223
0.005008,0.153470,0.151470,1.137531
0.005009,0.141876,0.143189,1.123024
0.005000,0.129050,0.130310,1.093218
0.005004,0.124876,0.114863,1.052490
0.005001,0.129761,0.090806,1.020401
0.005011,0.118955,0.073776,0.999083
0.005005,0.103103,0.064094,1.009791
0.005000,0.096694,0.066530,1.022093
0.005010,0.105402,0.077431,1.029470
0.005004,0.124851,0.088029,1.036507
0.005006,0.144667,0.087301,1.038913
0.005000,0.172109,0.083419,1.039048
0.006957,0.195513,0.088850,1.048865
0.005002,0.210497,0.098907,1.048642
0.005009,0.225641,0.099283,1.035040
0.005004,0.250560,0.093677,1.022129
0.005008,0.264656,0.119402,1.025574
0.005000,0.281260,0.117825,1.024596
0.005001,0.307819,0.118056,1.012680
0.005012,0.328142,0.119220,0.994424
0.005005,0.334808,0.107917,0.970928
0.005002,0.327766,0.093241,0.944790
0.005006,0.310566,0.073314,0.913041
0.005009,0.294559,0.049198,0.891686
0.005000,0.280611,0.029637,0.878582
0.005008,0.274796,0.017387,0.877665
0.005003,0.274562,0.006224,0.883960
0.005004,0.265913,-0.008181,0.901859
0.006952,0.251964,-0.017738,0.927294
0.005006,0.244326,-0.009816,0.966269
0.005008,0.240984,-0.010663,0.986811
0.005000,0.246751,-0.009485,0.992530
0.004999,0.245443,-0.010087,0.984022
0.005001,0.234897,-0.020496,0.978187
0.005001,0.212733,-0.028901,0.978509
0.005004,0.194298,-0.034590,0.973565
0.005011,0.181961,-0.043060,0.956543
0.005007,0.170744,-0.048287,0.937790
0.005007,0.158244,-0.057602,0.927016
0.005012,0.145706,-0.057542,0.917327
0.005006,0.131817,-0.062819,0.905884
0.005000,0.118987,-0.069300,0.892938
0.005000,0.109366,-0.073883,0.877370
0.005008,0.096476,-0.081462,0.862536
0.006929,0.083838,-0.084259,0.855466
0.005012,0.079459,-0.089010,0.843558
0.005002,0.074804,-0.098880,0.831188
0.005005,0.070512,-0.106668,0.829022
0.005001,0.057506,-0.106248,0.847269
0.005002,0.037242,-0.096449,0.873578
0.005001,0.019787,-0.100935,0.882817
0.010997,0.016161,-0.095579,0.899486
0.005007,0.017816,-0.096122,0.918196
0.005005,0.029500,-0.083942,0.946543
0.004999,0.049929,-0.066112,0.955713
0.005004,0.069508,-0.063747,0.950124
0.005009,0.082945,-0.058214,0.937945
0.004999,0.083601,-0.066839,0.916537
0.006920,0.076694,-0.071866,0.885306
0.005003,0.062364,-0.085282,0.854698
0.005007,0.047520,-0.102067,0.821088
0.005010,0.034856,-0.112303,0.802786
0.005010,0.022127,-0.124581,0.791370
0.005008,0.018782,-0.128681,0.788296
0.005006,0.015176,-0.134672,0.790033
0.005003,0.006008,-0.144549,0.795681
0.005002,-0.020353,-0.164311,0.793605
0.005010,-0.055370,-0.184801,0.777302
0.005000,-0.107225,-0.193632,0.775522
0.005008,-0.156946,-0.180604,0.791298
0.005005,-0.193950,-0.159192,0.828227
0.005000,-0.220246,-0.134036,0.856165
0.005007,-0.236847,-0.107866,0.896357
0.005004,-0.241393,-0.074340,0.943013
0.006892,-0.227095,-0.052588,0.984946
0.005007,-0.193726,-0.039828,1.001595
0.005006,-0.161980,-0.044410,0.991474
0.005010,-0.132414,-0.066316,0.969528
0.005009,-0.116072,-0.098859,0.934836
0.005009,-0.112312,-0.142097,0.889296
