0.005002,-0.000479,-0.000895,0.981063
0.005005,-0.000490,-0.003251,0.981795
0.005009,-0.001612,-0.003518,0.982073
0.005008,0.000897,-0.001409,0.984688
0.005004,-0.002442,-0.004484,0.983360
0.005010,0.001151,-0.001121,0.986293
0.005008,0.000479,-0.000076,0.988189
0.005006,-0.000171,0.001093,0.988480
0.005006,0.000772,-0.000712,0.984314
0.010516,0.000382,-0.001255,0.986307
0.005003,-0.001664,-0.004828,0.981921
0.005014,0.001230,-0.002794,0.986583
0.005006,-0.002481,-0.003497,0.986460
0.005005,-0.001022,-0.002129,0.986321
0.005014,-0.002385,-0.001554,0.985782
0.005007,-0.002508,0.000831,0.986018
0.005003,-0.004290,-0.001194,0.985576
0.005009,-0.002294,0.002324,0.987069
0.005012,-0.000624,-0.002048,0.986833
0.005002,-0.001158,0.000292,0.986626
0.005006,-0.000072,-0.000374,0.986141
0.004999,0.001654,0.002747,0.987053
0.005011,0.000976,-0.000597,0.984121
0.005007,0.002566,-0.000107,0.986278
0.006942,0.001491,0.001708,0.987745
0.005002,0.000386,-0.000255,0.985809
0.005006,0.001894,0.001339,0.988437
0.005011,0.000031,-0.003286,0.985574
0.005002,0.000792,-0.001277,0.981603
0.005009,-0.000208,-0.000490,0.983180
0.005004,0.000213,-0.001320,0.982128
0.005004,-0.000659,-0.001464,0.984910
0.005006,-0.002616,-0.003688,0.983182
0.005006,0.000134,-0.003613,0.986529
0.005010,-0.000022,-0.003941,0.986848
0.005008,-0.000912,-0.003017,0.987139
0.005001,0.000796,-0.003919,0.985478
0.005011,-0.001314,-0.004626,0.985771
0.005005,-0.002310,-0.005483,0.983144
0.006993,-0.002453,-0.002991,0.985758
0.005005,-0.001375,-0.001341,0.984345
0.005008,-0.001892,0.000148,0.987402
0.005007,-0.002213,-0.002349,0.982935
0.005003,-0.001727,-0.002801,0.985232
0.005006,-0.001467,0.000165,0.987651
0.005011,-0.001307,-0.000797,0.986475
0.004999,-0.000854,0.003830,0.988851
0.005006,0.000402,0.006216,0.990661
0.004999,0.000454,0.004132,0.986000
0.007966,0.001492,0.004629,0.987079
0.005007,0.000871,0.005627,0.983510
0.005003,0.000885,0.001926,0.982681
0.005002,0.000386,0.002590,0.983539
0.005001,0.001073,0.004246,0.987537
0.007003,-0.000982,-0.000956,0.983001
0.005006,-0.000719,-0.000097,0.983845
0.005008,0.000174,-0.001613,0.981036
0.005006,-0.001862,-0.001236,0.983210
0.005008,-0.001482,-0.003162,0.982657
0.005001,0.000427,-0.003813,0.983182
0.005000,0.000768,-0.002456,0.985187
0.005006,0.000832,-0.003478,0.986198
0.005008,0.001044,-0.003425,0.986129
0.005001,-0.000243,-0.004619,0.985882
0.005011,-0.001506,-0.004618,0.985717
0.005010,-0.003174,-0.001091,0.985937
0.005010,-0.001929,-0.001623,0.984166
0.005002,-0.002184,-0.002059,0.983973
0.005006,-0.001493,0.000069,0.989519
0.005001,-0.003284,-0.000976,0.986588
0.006962,-0.003517,-0.000555,0.989688
0.005003,-0.001806,0.001417,0.987235
0.005005,-0.000707,0.003630,0.987759
0.004999,-0.000414,0.001497,0.986113
0.005000,-0.001327,0.000941,0.984648
0.005008,0.000522,0.001462,0.986735
0.005009,-0.000788,0.000162,0.982310
0.005001,-0.002059,0.001277,0.984608
0.005000,-0.001050,0.001238,0.987028
0.005001,0.000312,0.001065,0.985836
0.005004,0.001834,0.002238,0.982154
0.005007,0.001397,0.000483,0.982266
0.005011,0.000297,0.000230,0.979458
0.005007,0.002411,-0.000439,0.983192
0.005003,0.001733,-0.001133,0.985061
0.006992,0.000504,-0.001258,0.984315
0.005002,0.001866,-0.001913,0.983180
0.005002,0.001784,-0.000144,0.985587
0.005007,0.001799,0.001520,0.988311
0.005000,0.003866,0.001458,0.988005
0.005006,-0.000792,-0.001290,0.984662
0.005008,-0.002379,-0.000916,0.985798
0.005008,-0.002511,-0.001609,0.985149
0.005005,-0.001732,-0.001267,0.986808
0.005001,-0.001511,-0.001382,0.987445
0.005006,-0.003654,-0.000958,0.985122
0.005002,-0.001305,-0.000259,0.985465
0.005000,-0.002365,0.000376,0.985950
0.005009,-0.002268,-0.000327,0.988511
0.005003,-0.001441,0.001279,0.987167
0.005011,-0.002605,-0.002596,0.985400
0.006846,-0.001976,-0.000469,0.982589
0.005004,-0.000586,0.000397,0.983085
0.005002,-0.001710,0.003073,0.981867
0.005001,-0.002611,0.002019,0.981938
0.004999,0.000734,0.000562,0.983124
0.005002,-0.001581,-0.000250,0.986767
0.005002,-0.002926,-0.000920,0.987046
0.005010,-0.001083,-0.001239,0.984941
0.005007,0.002756,0.000825,0.983274
0.005004,0.002847,-0.002563,0.977175
0.005002,0.007371,0.000033,0.982121
0.005002,0.007066,0.000333,0.984059
0.005004,0.004233,0.000166,0.987978
0.005010,0.003309,-0.000028,0.990760
0.005007,0.001839,-0.005751,0.986463
0.005003,0.000972,-0.004372,0.983737
0.006930,-0.000317,-0.002848,0.982824
0.005011,0.000036,-0.002559,0.980762
0.005004,0.001008,-0.000017,0.981741
0.005005,-0.000638,0.000851,0.982821
0.005000,-0.004952,-0.001228,0.979548
0.005008,-0.005467,-0.003413,0.982167
0.005010,-0.003147,-0.002725,0.987975
0.005008,-0.001448,0.000283,0.984829
0.005000,0.000974,0.002417,0.989819
0.005011,0.003887,0.005425,0.991017
0.005005,0.004147,0.004373,0.988874
0.005008,0.000459,0.004368,0.986581
0.005000,0.000351,0.002357,0.987648
0.005009,-0.000841,0.001319,0.985989
0.005008,-0.000668,-0.001341,0.982989
0.006916,-0.001709,-0.002567,0.981773
0.005002,-0.002325,-0.001529,0.984568
0.005004,-0.005911,0.003105,0.985109
0.005012,-0.000944,0.006551,0.983054
0.005004,-0.000628,0.003645,0.973232
0.005002,-0.002533,-0.006730,0.968108
0.005010,-0.006007,-0.006596,0.983818
0.005000,-0.005358,-0.001700,1.003101
0.005007,0.000294,0.003039,1.008374
0.005005,0.000362,0.002273,0.993252
0.005010,-0.001403,0.002342,0.977800
0.005000,0.004875,0.003120,0.974512
0.005001,0.005130,0.002969,0.973281
0.005012,0.005818,0.002234,0.976532
0.005010,0.000147,-0.004240,0.983834
0.005000,-0.005304,-0.006354,0.988755
0.006895,-0.005667,-0.005927,0.984786
0.005011,-0.003738,-0.005094,0.989446
0.005012,-0.001312,0.000263,0.988372
0.005006,0.002530,-0.001021,0.989032
0.004999,0.005156,0.002506,0.982204
0.005004,0.004580,0.001633,0.979633
0.005006,-0.000156,-0.002525,0.979683
0.005004,-0.006515,-0.006021,0.981329
0.005011,-0.009060,-0.004740,0.986108
0.005001,-0.004771,-0.005230,0.989216
0.005006,-0.001276,-0.003128,0.984725
0.005003,0.000245,-0.000385,0.979709
0.005003,0.004337,0.005032,0.985217
0.005006,0.006048,0.004455,0.985617
0.005008,0.004351,0.005819,0.985356
0.008070,0.004057,0.003885,0.987586
0.005007,0.000217,0.003669,0.984589
0.005007,-0.003272,0.002782,0.984083
0.005011,-0.003276,0.001765,0.982078
0.005006,0.000087,0.002729,0.986708
0.005011,-0.000746,0.003073,0.984868
0.005000,0.001833,0.002682,0.986152
0.005010,0.001388,0.004935,0.989154
0.005008,0.000890,0.003502,0.989916
0.005013,0.001940,-0.001681,0.988077
0.005008,0.000660,-0.004269,0.986074
0.005007,0.001167,-0.003209,0.987042
0.005007,-0.000433,-0.003715,0.982506
0.005001,-0.001122,-0.003989,0.981747
0.005006,-0.002160,-0.005951,0.985279
0.005001,-0.001665,-0.005494,0.985209
0.006911,-0.001371,-0.002416,0.983961
0.005008,-0.000500,0.000704,0.985464
0.005005,-0.001764,0.000252,0.982852
0.005001,0.000431,0.002009,0.981283
0.005010,-0.000498,-0.000204,0.981273
0.005005,0.000240,-0.000878,0.983625
0.005003,-0.001633,-0.000981,0.985468
0.005009,-0.001917,0.000795,0.986145
0.005008,-0.002524,0.001777,0.988940
0.005002,-0.001440,0.002637,0.986807
0.005003,0.000362,0.002128,0.988686
0.005004,0.000626,0.001713,0.987967
0.005002,0.002492,-0.000090,0.984423
0.005005,0.001148,-0.000825,0.984121
0.005001,0.000269,0.000683,0.984550
0.006980,-0.001765,-0.000158,0.986643
0.005000,-0.000804,-0.000692,0.984041
0.005010,0.002140,-0.001027,0.982487
0.005003,0.002373,-0.001050,0.981837
0.005009,0.003666,-0.000147,0.984712
0.005011,0.000642,-0.003199,0.982935
0.005003,0.000952,-0.000094,0.989724
0.005003,0.000586,-0.003404,0.988525
0.005002,0.000701,-0.003468,0.984084
0.005005,-0.000771,0.000813,0.987332
0.005009,0.000789,-0.000720,0.987595
0.005006,-0.001201,-0.000739,0.985840
0.005003,-0.000580,-0.000490,0.986988
0.005001,-0.002247,-0.001971,0.981347
0.005010,-0.005944,-0.001115,0.980162
0.005004,-0.006378,0.000048,0.983151
0.006903,-0.004668,0.003470,0.985996
0.005009,-0.002455,0.004860,0.988218
0.005007,-0.000897,0.006839,0.988408
0.005000,-0.003510,0.006508,0.989369
0.005004,-0.003645,0.004427,0.983878
0.005002,0.000012,0.003442,0.981271
0.005005,-0.001121,0.005634,0.983971
0.005005,-0.000628,0.000314,0.977511
0.005010,0.001036,0.001468,0.982183
0.005011,0.000309,-0.000084,0.979861
0.004999,0.000480,-0.002257,0.981300
0.005009,0.002345,-0.001733,0.987564
0.005003,0.003295,-0.002479,0.986885
0.005002,0.004113,-0.004501,0.985032
0.005002,0.003545,-0.005951,0.982641
0.005013,0.004222,-0.005343,0.988354
0.006853,0.003331,-0.004804,0.985616
0.005000,0.001228,-0.006030,0.986866
0.005001,-0.001281,-0.007620,0.983428
0.005011,0.000257,-0.004838,0.985941
0.005004,-0.001563,-0.004384,0.984768
0.005003,-0.001299,-0.001902,0.986342
0.005011,0.001386,0.000194,0.987081
0.005006,0.000689,0.002269,0.988865
0.005010,-0.000784,0.002656,0.987234
0.005006,-0.003109,0.000684,0.990796
0.005002,-0.000926,0.002444,0.988909
0.005003,0.000372,0.004153,0.989098
0.005007,-0.001670,0.002861,0.983984
0.005002,-0.001252,0.005789,0.986015
0.005007,-0.001402,0.004418,0.983042
0.006911,-0.000933,0.001566,0.979709
0.005002,-0.001229,0.001949,0.978631
0.008383,-0.000755,0.001413,0.980927
0.005006,-0.000149,0.000094,0.983722
0.005006,0.001073,-0.001925,0.981411
0.005009,-0.000017,-0.003430,0.985205
0.005009,0.000207,-0.003339,0.988415
0.005009,-0.001232,-0.003025,0.986909
0.005002,-0.000983,-0.003831,0.987726
0.005001,-0.002017,-0.006396,0.985975
0.005010,-0.002203,-0.001792,0.984185
0.005000,-0.001594,-0.004244,0.987799
0.005000,-0.001739,-0.002647,0.987120
0.005011,-0.002479,0.000239,0.986024
0.005001,-0.000463,0.001100,0.986890
0.006920,-0.001700,-0.001422,0.984503
0.005006,-0.001716,-0.000331,0.983492
0.005003,-0.001569,0.001826,0.983779
0.005005,-0.000580,0.000699,0.985411
0.005000,0.000781,0.002399,0.987398
0.005010,0.000875,0.002941,0.986955
0.005012,-0.000275,0.002562,0.987234
0.005004,0.001498,0.002331,0.988282
0.005007,0.001077,0.005502,0.987699
0.007157,0.002597,0.004682,0.985594
0.005005,0.000725,0.004830,0.988407
0.005008,-0.001186,0.002563,0.985397
0.005006,-0.001940,0.005413,0.977939
0.005003,0.004157,0.001919,0.985456
0.005003,0.002186,0.003671,0.982637
0.006948,-0.003595,0.013803,0.977351
0.005003,0.009395,-0.013361,0.999299
0.005009,0.000822,-0.007296,0.990720
0.005009,-0.006361,-0.006771,0.988519
0.005003,-0.007490,-0.007710,0.989949
0.005011,-0.003875,-0.006151,0.986996
0.005011,0.004715,0.001568,0.983893
0.005011,0.006223,0.002320,0.980459
0.005007,0.004645,0.000329,0.980463
0.005011,0.000516,-0.000982,0.981437
0.005000,-0.002522,-0.004058,0.983325
0.005000,-0.002445,-0.004624,0.987366
0.005004,-0.001169,-0.002415,0.985828
0.005010,0.003644,0.000278,0.987299
0.005003,0.005479,0.004447,0.988028
0.005007,0.004633,0.004920,0.986383
0.006915,0.004733,0.002286,0.985374
0.005003,0.001767,0.000894,0.985420
0.005013,-0.003203,0.002474,0.982603
0.005005,-0.002050,0.002273,0.982962
0.005002,-0.001099,0.000840,0.983625
0.005006,-0.000237,0.005163,0.982198
0.005006,0.000269,0.003821,0.982295
0.005011,0.000497,0.001171,0.983983
0.005007,-0.001010,0.002892,0.987776
0.005002,-0.003048,0.001713,0.987419
0.005003,-0.004105,-0.000733,0.984640
0.005009,-0.004850,-0.002109,0.987659
0.005009,-0.002388,0.000196,0.985648
0.005001,-0.002918,-0.002311,0.983948
0.005007,-0.001461,-0.003752,0.980612
0.005004,-0.002164,-0.003746,0.983007
0.006916,-0.002311,-0.002806,0.983090
0.005001,-0.002457,-0.006284,0.979565
0.005002,-0.003088,-0.005941,0.980549
0.004999,-0.000942,-0.003641,0.984072
0.005004,0.001845,-0.001418,0.988285
0.005008,0.004335,-0.000328,0.986121
0.005003,0.005414,-0.002866,0.982967
0.005000,0.003155,-0.002090,0.983801
0.005007,0.003207,-0.000710,0.986456
0.005010,0.002665,0.000025,0.983136
0.005001,0.000814,0.002875,0.980909
0.005000,-0.000364,0.000977,0.980456
0.005010,0.002994,0.000360,0.982748
0.005000,0.001953,0.000461,0.982708
0.005002,0.001016,0.002583,0.982763
0.006906,0.002425,0.003342,0.987437
0.005011,-0.000546,0.000922,0.985215
0.005008,0.000354,0.002117,0.985601
0.005004,0.000613,0.000820,0.985767
0.005006,-0.000882,-0.001144,0.983391
0.005009,-0.000472,0.002980,0.988272
0.005006,-0.001692,0.000243,0.986006
0.005007,-0.004341,0.000325,0.985942
0.005008,-0.004427,-0.000089,0.982982
0.005000,-0.004902,-0.003853,0.978240
0.005009,-0.002669,-0.004269,0.980562
0.005004,0.000198,-0.002760,0.984955
0.005007,0.001754,-0.001679,0.987635
0.005007,0.000330,-0.002099,0.986310
0.005000,0.000000,-0.002315,0.986892
0.005010,0.000105,-0.002188,0.985605
0.006919,0.001385,-0.003352,0.985106
0.005010,0.000992,-0.002126,0.982948
0.010789,0.003389,0.002597,0.984059
0.005007,0.002260,0.003731,0.981210
0.006428,0.004002,0.003139,0.986369
0.008993,0.001588,0.002182,0.985958
0.005003,0.000351,0.004346,0.985765
0.005994,0.000816,0.002651,0.983414
0.005009,0.000484,0.002345,0.983995
0.011571,0.001023,0.004307,0.984851
0.005010,0.000657,0.002593,0.985476
0.009312,0.000608,-0.000239,0.983181
0.005002,0.001053,0.002176,0.982888
0.009182,0.001538,0.001382,0.983829
0.005013,-0.001281,-0.001107,0.982824
0.005007,-0.000407,-0.003287,0.988234
0.005005,-0.001559,-0.003509,0.987613
0.005006,-0.002882,-0.001465,0.989413
0.005000,-0.000922,-0.003876,0.982965
0.005004,-0.003261,-0.003293,0.983993
0.005010,-0.002044,-0.002076,0.983727
0.004999,-0.001925,-0.003820,0.984919
0.005001,0.000886,-0.002308,0.985134
0.005005,-0.000800,-0.000208,0.986684
0.005011,0.000321,0.001161,0.985394
0.005008,-0.000645,0.003480,0.987704
0.006910,-0.001140,0.004879,0.990762
0.005013,0.000822,0.002197,0.990097
0.004999,0.000120,0.006865,0.991603
0.005001,0.002153,0.004209,0.987271
0.005008,0.002154,0.006011,0.988972
0.005011,0.004894,0.005587,0.988581
0.005010,0.005100,0.005541,0.983947
0.005009,0.002814,0.004205,0.981599
0.005009,0.001305,0.001110,0.979333
0.005009,0.003868,0.000773,0.979011
0.005005,0.000841,-0.002247,0.979030
0.005004,0.001176,-0.000360,0.982460
0.005001,0.000161,-0.001296,0.981631
0.005003,0.002075,-0.001899,0.985628
0.005011,-0.000388,-0.002552,0.983293
0.006880,-0.003113,-0.003590,0.986424
0.005009,-0.002904,-0.004146,0.988597
0.005013,-0.003118,-0.004366,0.987699
0.005008,-0.005187,-0.001335,0.987604
0.005006,-0.003396,-0.002500,0.985167
0.005007,-0.002364,-0.002871,0.985139
0.005004,-0.002620,-0.001664,0.988058
0.005006,-0.003506,0.000693,0.987989
0.005005,-0.002085,0.002027,0.987529
0.005006,-0.002185,0.001873,0.982258
0.005000,-0.001585,0.004018,0.984788
0.005011,0.001036,0.001488,0.982308
0.005009,0.003217,0.004244,0.985387
0.005008,0.001699,0.002922,0.987909
0.005000,0.002846,0.004192,0.989318
0.005010,0.002174,0.003185,0.986553
0.006887,0.004756,0.001714,0.984861
0.005008,0.004829,0.000850,0.983879
0.005000,0.005792,-0.000190,0.981845
0.005009,0.005524,0.000988,0.982897
0.005007,0.005816,-0.001769,0.981943
0.005009,0.005104,-0.004694,0.984160
0.005004,0.005451,-0.004943,0.984852
0.005006,0.004268,-0.004680,0.984494
0.005013,0.004677,-0.002376,0.985226
0.005000,0.001828,-0.003811,0.982629
0.005009,0.001502,-0.001781,0.983181
0.005003,0.001072,0.000688,0.987344
0.005000,-0.001274,-0.001269,0.988523
0.005006,-0.003022,0.001378,0.989699
0.005003,-0.004471,0.001846,0.988649
0.005007,-0.005368,0.000108,0.980544
0.006820,-0.006692,-0.000841,0.979855
0.005005,-0.006259,0.002937,0.982288
0.005000,-0.006645,0.000019,0.982319
0.005012,-0.006165,-0.001621,0.982736
0.005005,-0.004959,0.002263,0.986952
0.005006,-0.004302,0.000025,0.984075
0.004999,-0.003291,0.000022,0.987975
0.005003,-0.001491,0.002306,0.991249
0.005011,0.000695,0.002065,0.984701
0.005007,0.000251,0.001998,0.982461
0.005005,0.001405,0.001567,0.981463
0.005000,0.000409,0.001973,0.983872
0.005002,0.000014,-0.003280,0.982768
0.005007,0.000980,-0.001734,0.983541
0.005000,0.000806,-0.000022,0.985436
0.006868,0.003095,0.000252,0.987507
0.005001,0.001497,0.001049,0.983248
0.005002,0.001433,0.000709,0.983179
0.005008,0.000348,0.001712,0.986113
0.005000,-0.001135,0.000738,0.983626
0.005006,0.004125,0.002526,0.986425
0.005007,0.001353,0.000962,0.988008
0.005004,0.001997,0.003863,0.989389
0.005005,-0.000170,0.001789,0.983942
0.005012,-0.000857,0.001980,0.987305
0.010512,0.001847,0.001580,0.984921
0.005031,0.002047,0.001880,0.984921
0.005006,0.001221,0.001100,0.987178
0.005004,0.001937,-0.001704,0.985572
0.005002,-0.000367,-0.000953,0.986087
0.006885,-0.002120,-0.001994,0.982576
0.005008,-0.003643,-0.003142,0.982980
0.005005,-0.004624,-0.003112,0.985127
0.005001,-0.002350,-0.005548,0.985873
0.005004,-0.001432,-0.003550,0.986396
0.005008,-0.001908,-0.000394,0.985620
0.005001,-0.000829,0.000477,0.980208
0.005000,-0.001323,-0.000323,0.980915
0.004999,-0.000538,-0.002385,0.984208
0.005005,-0.003026,-0.000931,0.986412
0.005000,-0.002902,-0.002327,0.984974
0.005011,-0.003082,-0.001936,0.984214
0.005010,0.001031,0.000314,0.985629
0.005004,0.002175,0.000257,0.984700
0.005001,0.001400,0.000979,0.984728
0.006991,0.001500,0.001888,0.984354
0.005003,0.001773,0.003004,0.986165
0.005004,0.000832,0.001410,0.983913
0.005001,0.001754,-0.000002,0.984576
0.005005,-0.001729,-0.003354,0.981970
0.005003,-0.000010,-0.002510,0.982713
0.005007,-0.000675,0.000097,0.982962
0.005009,0.001403,0.000399,0.984203
0.005009,0.001949,0.002860,0.985321
0.005004,0.001863,0.001124,0.984395
0.005001,0.001585,0.000441,0.985226
0.005006,0.001357,0.000759,0.985365
0.005005,0.002646,0.002484,0.986455
0.005002,0.000675,0.002203,0.985725
0.004999,0.000588,0.000638,0.982295
0.005013,0.000472,-0.001713,0.981231
0.006918,0.000509,-0.000480,0.984592
0.005009,-0.002169,-0.000989,0.982203
0.005009,0.001036,-0.001028,0.983028
0.005005,0.000056,-0.001635,0.982269
0.005004,-0.001516,-0.000878,0.983475
0.005005,-0.000392,0.001047,0.985409
0.005001,-0.000731,-0.001098,0.987569
0.004999,-0.001425,-0.003126,0.985303
0.005008,-0.001094,-0.001212,0.987833
0.005001,-0.002233,-0.000107,0.987170
0.005005,0.000087,0.000534,0.989892
0.005012,0.000437,0.000380,0.986280
0.005008,0.001148,-0.000025,0.986321
0.005010,0.003071,0.002085,0.987852
0.005001,0.003896,0.004822,0.989869
0.005008,0.002877,0.004620,0.989954
0.006907,0.001137,0.002044,0.987703
0.005002,0.000861,-0.000802,0.978919
0.005008,0.004733,-0.001508,0.970074
0.005004,0.002317,-0.001739,0.965622
0.005012,0.000558,-0.000434,0.975197
0.005004,0.000873,0.002736,0.990608
0.005003,-0.003011,-0.002765,0.986881
0.005005,-0.005424,-0.006661,0.982890
0.004999,-0.006139,-0.006216,0.985037
0.005009,-0.001644,-0.000366,0.990490
0.005012,-0.001763,0.000929,0.987556
0.005004,-0.001562,0.003583,0.991967
0.005012,-0.003052,0.003183,0.993284
0.005003,-0.001749,0.001233,0.986089
0.005009,-0.003833,-0.001671,0.975871
0.006922,-0.004691,0.002146,0.987077
0.005012,0.000087,0.004655,0.993694
0.005003,0.001194,0.004264,0.982153
0.004999,-0.000067,0.000058,0.971892
0.005012,0.004010,0.004531,0.982799
0.004999,0.003247,0.001676,0.980713
0.005009,0.001952,0.003341,0.982956
0.005007,-0.001053,0.002220,0.987638
0.005000,0.000808,0.001614,0.991315
0.005004,0.001719,0.000258,0.982335
0.005011,0.001960,-0.002248,0.978558
0.004999,0.001559,0.000234,0.986901
0.005010,0.002388,-0.000262,0.988159
0.005005,-0.000380,-0.002643,0.981689
0.005011,0.000039,-0.003939,0.983972
0.004999,-0.000653,-0.004163,0.987391
0.006903,0.000321,-0.002785,0.986489
0.005000,0.002273,0.000368,0.985530
0.005003,0.002252,0.001563,0.987992
0.004999,0.001219,0.002151,0.987896
0.005000,0.001203,-0.001073,0.981672
0.005005,0.001378,0.000579,0.986195
0.005011,0.001384,-0.000670,0.985532
0.005006,-0.001616,0.000490,0.980347
0.005000,-0.001672,-0.000488,0.980140
0.005005,-0.001345,-0.001575,0.982880
0.005011,0.000650,0.001084,0.987635
0.005005,-0.003067,0.002328,0.989798
0.005003,-0.001205,0.001170,0.990253
0.005004,-0.000852,-0.000881,0.989119
0.005007,-0.001873,-0.002175,0.982563
0.006891,0.000125,0.000631,0.981534
0.005001,0.000792,-0.000942,0.983872
0.005007,-0.000708,-0.000043,0.985272
0.005011,-0.001413,-0.000149,0.985287
0.005001,-0.000305,-0.000168,0.984040
0.005011,0.000719,0.002674,0.984770
0.005010,0.001633,0.001865,0.985572
0.005009,0.002051,0.000891,0.981559
0.005002,0.002264,0.001063,0.986443
0.005007,0.004552,0.002311,0.988404
0.005011,0.005145,0.002055,0.987422
0.005008,0.000677,-0.000034,0.985172
0.005005,-0.000963,0.003430,0.989061
0.005004,-0.000413,-0.001111,0.984731
0.005011,-0.002634,-0.000707,0.981317
0.005002,-0.000447,-0.003115,0.981357
0.006905,0.000357,-0.001069,0.983043
0.005000,-0.000368,-0.000662,0.980622
0.005008,0.000877,-0.000758,0.981492
0.005003,0.000421,-0.003862,0.981066
0.005001,-0.000236,-0.000281,0.984288
0.007416,0.000216,0.000777,0.987317
0.005004,-0.000140,0.000512,0.987000
0.005000,-0.001400,0.000803,0.986005
0.005010,-0.001746,0.000734,0.985563
0.005012,-0.001864,0.001003,0.984221
0.005000,-0.000000,0.001786,0.984578
0.005005,-0.003155,-0.001313,0.979908
0.005011,-0.003035,0.000619,0.983988
0.005011,-0.001825,-0.000832,0.982202
0.005009,-0.000206,0.000370,0.984178
0.006817,0.001111,0.001398,0.983649
0.005000,0.000226,-0.000361,0.983320
0.005010,-0.000113,0.002873,0.986916
0.005000,0.001111,0.001486,0.986223
0.005010,0.001914,0.002532,0.987314
0.005003,0.000137,0.004018,0.987123
0.005008,0.000572,0.002887,0.986196
0.005010,0.000831,0.002776,0.984646
0.005006,0.000226,0.001990,0.985934
0.005000,-0.000182,0.000692,0.983029
0.005003,0.002660,-0.001550,0.984533
0.005008,0.004272,-0.000058,0.985998
0.005002,0.002939,-0.001482,0.986775
0.005010,0.002181,-0.001428,0.986084
0.005007,0.000772,-0.000684,0.983941
0.005011,0.002530,-0.000998,0.986595
0.006814,0.000741,-0.001693,0.984052
0.005006,-0.000139,-0.001840,0.983555
0.005013,-0.001991,-0.001716,0.983793
0.005012,-0.004075,-0.002579,0.984792
0.005009,-0.003911,-0.001362,0.985774
0.005000,-0.003027,-0.001454,0.984404
0.005005,-0.003096,0.000564,0.983089
0.005004,-0.004504,-0.000540,0.983106
0.005008,-0.002265,0.001608,0.986948
0.005009,-0.001024,0.000798,0.985300
0.005005,0.000009,-0.001563,0.983888
0.005002,-0.000483,0.001788,0.985368
0.005007,-0.002509,0.001273,0.984251
0.005008,-0.000622,0.003619,0.986239
0.005008,0.001427,0.000901,0.982612
0.006952,0.002299,0.004683,0.986317
0.005012,0.002908,0.001142,0.984574
0.005004,0.002887,0.000925,0.984699
0.005000,0.001238,-0.000765,0.984259
0.005002,0.002700,-0.002255,0.982721
0.005003,0.000960,-0.002085,0.984370
0.005002,-0.000037,-0.005748,0.983626
0.005007,0.002420,-0.004101,0.984494
0.005002,0.001991,-0.000970,0.986416
0.005012,0.001870,-0.000896,0.986998
0.005011,0.000261,-0.000350,0.987428
0.005006,-0.000081,-0.001304,0.985492
0.005006,-0.000702,-0.001330,0.984220
0.005008,-0.001768,-0.001860,0.982244
0.005010,0.000500,-0.000947,0.987221
0.005011,-0.002164,-0.000943,0.985675
0.006824,-0.002751,-0.001843,0.982010
0.005010,-0.001689,0.001557,0.984484
0.005012,-0.000615,0.002767,0.983900
0.005010,-0.001314,0.002068,0.983971
0.005012,-0.001110,0.001375,0.983764
0.005007,-0.002125,0.000111,0.984347
0.005002,-0.003285,-0.000172,0.981928
0.005009,-0.002483,-0.000048,0.981913
0.005003,-0.000476,0.002760,0.985063
0.005011,0.000516,0.001252,0.985145
0.005006,-0.000088,0.001347,0.986447
0.005001,-0.001007,0.001497,0.984221
0.005002,-0.002109,0.000778,0.982950
0.005007,0.001084,0.000732,0.986154
0.005008,0.001304,0.000889,0.987759
0.005005,-0.000227,-0.000892,0.985258
0.006832,0.000868,0.000884,0.988797
0.005002,0.001937,0.001357,0.985115
0.008124,0.003191,0.001324,0.983798
0.005010,0.003989,0.001993,0.984240
0.005004,0.004090,0.000920,0.982483
0.005008,0.003019,-0.000912,0.982541
0.005009,0.003709,0.000062,0.982540
0.005000,0.001155,-0.002113,0.983332
0.005011,0.001860,-0.000764,0.981601
0.005001,0.000588,-0.000980,0.981562
0.005001,-0.002191,-0.002373,0.984623
0.005007,0.000085,-0.001506,0.986322
0.005005,-0.000471,-0.001185,0.989297
0.005008,-0.002127,-0.000547,0.986131
0.005009,-0.000188,0.002989,0.987304
0.006821,-0.000902,0.000703,0.984261
0.005003,-0.000454,0.001575,0.985616
0.005007,-0.002513,-0.000623,0.985371
0.005010,-0.001523,-0.000666,0.986891
0.005006,-0.002860,0.000092,0.987129
0.005003,-0.003436,-0.001172,0.984294
0.004999,-0.002206,0.000175,0.985703
0.005011,-0.002286,0.002173,0.987667
0.005006,-0.000577,0.000106,0.985216
0.005010,-0.001481,-0.001094,0.983032
0.005004,0.000273,0.000695,0.985464
0.005004,-0.000580,0.000487,0.985867
0.005000,0.000412,0.000394,0.985906
0.005010,0.000123,-0.000073,0.986613
0.005003,0.000995,0.001481,0.987067
0.006823,-0.000266,-0.000369,0.983016
0.005011,0.000746,0.001076,0.982308
0.004999,0.002813,0.001151,0.982775
0.005006,0.004158,0.000892,0.983382
0.005008,0.003292,-0.000757,0.983246
0.005003,0.001676,-0.001068,0.984563
0.005004,-0.000280,-0.001085,0.984607
0.005006,-0.001707,-0.002549,0.980694
0.005006,0.000530,0.000286,0.984675
0.005005,0.000663,0.000679,0.984356
0.005012,0.000865,0.000663,0.984287
0.005010,0.000281,0.001990,0.987151
0.005012,-0.001793,0.000457,0.984346
0.005003,-0.001629,0.002625,0.987016
0.005004,-0.003191,-0.001914,0.982799
0.005005,-0.003853,-0.004604,0.982192
0.006824,-0.003485,-0.000068,0.982067
0.005002,-0.002383,0.002429,0.984527
0.005006,-0.002619,0.000877,0.985345
0.004999,-0.000478,0.002684,0.987319
0.005010,-0.000422,0.000523,0.988440
0.005006,0.000628,0.000918,0.990223
0.005006,-0.000734,0.001289,0.988911
0.005008,-0.001737,0.000497,0.985579
0.005002,-0.000786,0.001129,0.984539
0.005009,0.000634,-0.001419,0.984592
0.005013,-0.001622,-0.003458,0.978952
0.005004,0.002208,-0.000841,0.984049
0.005011,0.001356,-0.000898,0.981367
0.005000,0.000584,-0.002740,0.979874
0.005005,0.001921,-0.000618,0.982514
0.006890,0.002023,-0.001202,0.987066
0.005002,0.001010,-0.000723,0.989475
0.005008,0.001612,0.000333,0.988256
0.005000,0.002252,0.001144,0.984782
0.005000,0.002210,0.000748,0.983233
0.005000,0.001951,0.002511,0.987190
0.005002,0.001301,0.000514,0.986915
0.005002,-0.000436,0.000276,0.982836
0.005007,-0.000580,0.000056,0.983929
0.005006,-0.000561,0.001795,0.985437
0.005002,-0.000205,0.001483,0.985810
0.005079,-0.000364,0.001393,0.985299
0.004999,-0.000561,0.000287,0.983099
0.005010,-0.001486,-0.000536,0.982464
0.005006,-0.001424,-0.001067,0.983419
0.005008,-0.001916,0.000106,0.989688
0.006828,-0.003247,-0.000561,0.987587
0.005005,-0.004834,-0.002891,0.984630
0.005009,-0.003465,-0.002639,0.983189
0.005010,-0.001533,-0.002127,0.985274
0.005004,-0.001438,-0.003174,0.983905
0.005011,-0.000071,-0.002976,0.981883
0.005011,-0.001312,-0.001413,0.983351
0.005002,0.000396,0.000199,0.980829
0.005009,0.002335,0.000570,0.980853
0.005006,0.000498,-0.002710,0.978270
0.005005,0.002940,0.002862,0.983895
0.005003,0.002625,0.001631,0.983882
0.005010,0.001131,-0.000725,0.982336
0.005008,-0.001444,-0.003002,0.983518
0.005009,-0.002044,-0.003318,0.982177
0.005001,-0.001798,-0.001363,0.982010
0.006829,-0.000678,0.001591,0.982353
0.005001,0.001797,0.001712,0.983261
0.005004,-0.000259,0.001019,0.984649
0.005004,-0.001401,-0.001906,0.982507
0.005011,-0.002077,-0.001820,0.984197
0.005006,-0.002457,-0.000441,0.981914
0.005000,-0.001063,-0.000243,0.985550
0.005005,-0.001785,0.000350,0.986285
0.005008,-0.000180,0.000499,0.987472
0.005010,0.000024,0.000856,0.988951
0.005011,-0.000520,0.000710,0.984719
0.005004,-0.002373,0.001283,0.982523
0.005002,0.000705,0.000275,0.983721
0.005005,0.001756,-0.002105,0.984106
0.005000,0.000093,-0.002515,0.981952
0.006832,0.001614,-0.002658,0.979791
0.005010,0.003344,-0.001905,0.983232
0.005009,0.003385,-0.002158,0.980396
0.005003,0.003038,-0.000859,0.980230
0.005011,0.003789,-0.001631,0.983799
0.005006,0.003322,0.001147,0.984753
0.005006,0.002335,-0.001269,0.984285
0.005012,0.002838,-0.000256,0.987632
0.005001,0.001505,0.000566,0.983303
0.005011,-0.001508,-0.001571,0.982438
0.005008,0.000400,0.003773,0.986596
0.005011,0.000805,0.000412,0.986597
0.005009,-0.002159,0.001924,0.987141
0.005013,-0.002448,0.001983,0.985994
0.005001,-0.001256,-0.001298,0.981220
0.005010,-0.000965,0.000083,0.982007
0.006828,0.000789,0.001271,0.981215
0.005001,0.001830,0.001808,0.984672
0.005009,-0.003519,0.002939,0.983851
0.005007,-0.003102,0.001393,0.985940
0.005004,-0.000642,-0.001874,0.978051
0.005002,0.000157,0.002694,0.989102
0.005000,0.000733,0.002850,0.986971
0.005007,0.002209,0.001281,0.992890
0.004999,0.000198,-0.002989,0.983542
0.005004,-0.003771,-0.002351,0.979980
0.005006,-0.003143,-0.002188,0.984213
0.005010,-0.002600,-0.001148,0.982482
0.005002,-0.003525,0.001464,0.987049
0.005010,-0.003122,0.000239,0.982650
0.005010,-0.000747,-0.001146,0.981607
0.006880,-0.001241,0.000679,0.980556
0.005005,0.000055,0.002459,0.984607
0.005011,0.001692,0.001767,0.984493
0.005003,0.002981,0.002219,0.984019
0.005005,0.004407,0.002901,0.984833
0.005000,0.003632,-0.000793,0.984531
0.005009,0.004270,0.000887,0.981071
0.005000,0.003248,-0.001855,0.981433
0.005004,0.002235,-0.001730,0.982293
0.005003,0.001890,-0.001083,0.985268
0.005006,0.000396,-0.001254,0.987678
0.005012,0.000896,-0.002715,0.984620
0.005005,0.000625,-0.000864,0.987677
0.005003,0.000614,-0.000874,0.985298
0.004999,0.001099,-0.000210,0.985297
0.005000,0.001988,-0.002170,0.983636
0.006815,0.001537,0.001187,0.986015
0.005006,-0.000447,-0.001444,0.984539
0.005010,-0.001677,-0.002677,0.983711
0.005002,0.000462,-0.000652,0.984080
0.005002,0.001404,0.001215,0.985503
0.005008,0.000608,0.001281,0.985393
0.005001,0.000408,0.001926,0.984702
0.005000,0.000285,0.002649,0.981824
0.005001,-0.001024,-0.001050,0.982630
0.005000,-0.001855,0.000701,0.982036
0.005005,-0.002118,0.001489,0.985786
0.005000,-0.002067,-0.000847,0.981954
0.005000,-0.001610,-0.000103,0.984914
0.005007,0.001427,-0.000972,0.984508
0.004999,-0.000139,0.000286,0.984178
0.005000,0.000421,0.001234,0.985145
0.006801,0.000486,-0.000757,0.985561
0.005005,0.000342,-0.002401,0.982836
0.005005,0.000845,-0.001377,0.982005
0.005003,0.002958,-0.001138,0.985045
0.005008,0.002480,-0.000101,0.983593
0.005001,0.003431,0.000653,0.983646
0.005006,0.000657,-0.000673,0.981244
0.005012,0.003079,-0.002792,0.983082
0.005001,0.002528,-0.000581,0.984479
0.005010,-0.000371,-0.000010,0.983846
0.005005,-0.000636,-0.002039,0.984719
0.005006,-0.000474,0.000157,0.985008
0.005002,-0.002912,-0.000994,0.984210
0.005001,-0.000802,-0.000539,0.985327
0.005001,-0.000705,0.002213,0.986142
0.006880,-0.002698,0.001506,0.982770
0.005008,-0.001576,0.000972,0.983958
0.005001,-0.001070,0.000218,0.983999
0.005004,-0.000877,-0.000625,0.983017
0.005005,-0.000460,0.000473,0.984247
0.005000,0.000785,0.004004,0.985627
0.005011,-0.001759,0.000179,0.982409
0.005001,-0.001595,-0.000810,0.982133
0.005000,0.001267,0.001615,0.981657
0.005009,0.000756,0.001791,0.981671
0.005003,-0.000626,-0.000813,0.980568
0.008166,-0.000430,-0.002347,0.978867
0.005013,0.000073,-0.000563,0.984413
0.005007,0.000032,0.000324,0.982628
0.005008,0.000915,-0.000375,0.984010
0.006827,-0.000476,-0.001543,0.981965
0.005006,-0.002286,0.000842,0.985454
0.005008,0.000440,-0.001477,0.986447
0.005008,0.000516,0.001433,0.986556
0.005008,0.001114,-0.000854,0.983097
0.005007,0.001780,0.001584,0.986014
0.005010,0.001910,0.000218,0.987468
0.005003,0.001218,-0.002071,0.983845
0.005009,-0.000637,-0.001618,0.981772
0.005000,-0.000840,-0.000174,0.984179
0.005004,-0.001879,0.000171,0.985495
0.005012,0.000065,-0.000147,0.985381
0.005005,0.000057,0.002326,0.986708
0.005004,0.001624,0.000998,0.985558
0.005011,0.000499,-0.002509,0.984690
0.005006,0.000162,-0.000299,0.980940
0.006807,0.002145,0.001775,0.982471
0.008081,0.002000,0.001501,0.985364
0.005008,-0.000498,0.003132,0.985062
0.005003,0.000435,0.001081,0.984301
0.005004,-0.000731,-0.001870,0.981578
0.005003,-0.001640,0.000343,0.983114
0.005010,-0.000704,-0.000570,0.984622
0.005005,0.001346,0.002004,0.987896
0.005008,0.000174,0.000260,0.986737
0.005007,-0.001383,0.001886,0.987057
0.005006,0.001115,0.001934,0.987966
0.005010,-0.000701,0.001071,0.986129
0.005009,0.000714,-0.001343,0.984578
0.005010,0.000850,-0.000398,0.984204
0.005001,0.000979,-0.000673,0.985546
0.006825,-0.000374,-0.001848,0.985299
0.005004,-0.000572,-0.002164,0.987098
0.005002,0.001542,-0.000538,0.985019
0.005000,0.001240,-0.001017,0.983346
0.005002,0.001072,0.001624,0.988215
0.005006,-0.000884,-0.001263,0.982104
0.005000,0.000160,-0.000664,0.984662
0.005011,0.000499,0.000640,0.984868
0.005003,0.001563,0.000790,0.984396
0.005012,0.002297,0.000704,0.987785
0.005005,0.001395,0.002238,0.986416
0.005006,0.003227,0.001726,0.987009
0.005001,-0.000580,-0.000181,0.984427
0.005008,-0.002452,0.000449,0.981330
0.005008,-0.000703,0.000624,0.982130
0.005009,0.000310,0.001022,0.983014
0.006809,-0.001670,0.001904,0.983653
0.005010,-0.001985,-0.000459,0.982658
0.005005,-0.000915,0.001678,0.982670
0.005006,-0.001248,0.000903,0.984787
0.005008,-0.002263,0.000850,0.984554
0.005000,-0.001661,0.000713,0.982353
0.005000,-0.001109,-0.001098,0.983404
0.005003,0.000020,-0.000571,0.983001
0.005007,-0.000953,-0.002398,0.980679
0.005002,-0.002283,-0.003171,0.981083
0.005002,-0.001894,-0.001785,0.984569
0.005005,-0.001890,-0.001542,0.984444
0.005002,-0.001696,-0.000078,0.984914
0.005009,-0.001627,0.000765,0.985826
0.005010,0.000141,0.001415,0.982710
0.006824,0.000862,0.000096,0.980358
0.005000,0.001617,0.000032,0.983746
0.005009,0.000270,-0.000330,0.982614
0.005004,0.001626,-0.000357,0.983096
0.005010,0.000265,0.000696,0.984301
0.005007,-0.001402,0.000953,0.985245
0.005000,0.001230,0.002875,0.988173
0.005006,0.002211,0.002526,0.985059
0.005009,0.003189,0.002014,0.984449
0.005001,0.000472,0.002708,0.986902
0.005004,0.001582,0.001582,0.983386
0.005003,0.000409,-0.001011,0.981313
0.005011,0.000913,0.000167,0.982156
0.005005,-0.000236,-0.000515,0.980885
0.005009,0.000920,-0.001037,0.984771
0.005007,0.000042,-0.000519,0.983513
0.006814,-0.000039,-0.001332,0.981701
0.005003,-0.000779,0.001181,0.982338
0.005010,0.001053,0.001131,0.985960
0.005005,-0.000884,0.001050,0.983625
0.005009,-0.000851,0.000500,0.983680
0.005009,0.001051,-0.001355,0.981934
0.005012,-0.000606,0.000151,0.982061
0.005011,-0.000987,-0.001818,0.978437
0.005000,-0.001293,-0.001133,0.983792
0.005007,0.000648,-0.000374,0.984467
0.005007,-0.000117,0.000259,0.987581
0.005004,0.001054,-0.001048,0.985089
0.005005,0.001125,0.000120,0.986970
0.005006,0.001100,0.000121,0.986971
0.005010,-0.000951,-0.001049,0.985133
0.006904,0.001130,-0.000930,0.984702
0.005004,0.001003,0.001092,0.986666
0.005006,0.001181,0.001418,0.984867
0.005012,-0.001478,-0.000328,0.985092
0.005012,0.002075,-0.000504,0.984687
0.005005,0.002459,0.000898,0.983607
0.005009,-0.001232,-0.001615,0.980499
0.005006,0.001034,0.000479,0.984660
0.005004,-0.000525,0.000124,0.983597
0.005011,0.001386,0.002794,0.986554
0.005011,0.000579,0.000752,0.984868
0.005008,-0.000580,0.000077,0.982697
0.005000,-0.002205,-0.000360,0.982921
0.005011,-0.000645,0.000884,0.985478
0.005011,-0.001853,-0.001634,0.983986
0.005008,-0.001757,-0.003034,0.983447
0.006838,-0.002620,-0.000347,0.984347
0.005007,0.000463,0.001098,0.988673
0.005006,-0.001144,-0.000979,0.984304
0.005001,-0.000808,-0.001379,0.985383
0.005010,-0.001784,0.000318,0.985176
0.005011,-0.001337,-0.000372,0.982519
0.005004,0.000430,0.000507,0.982558
0.005010,-0.000654,0.003125,0.984427
0.005010,0.000436,0.001176,0.986556
0.005010,-0.000616,0.000939,0.985548
0.005010,-0.001808,0.000684,0.986408
0.005005,-0.000344,0.001089,0.986253
0.005007,0.001037,-0.000601,0.981243
0.005011,0.001859,-0.000038,0.982390
0.005009,-0.000058,-0.001817,0.982725
0.005010,-0.000091,0.000329,0.981604
0.006817,-0.000066,0.000682,0.984053
0.005005,0.000072,-0.000994,0.985437
0.005013,-0.002438,-0.002104,0.982840
0.005005,-0.002328,-0.001594,0.982203
0.005008,-0.001343,-0.001087,0.983668
0.005010,0.000903,0.001709,0.986749
0.005013,-0.000266,0.000499,0.984635
0.005001,-0.000908,0.001017,0.985687
0.005012,-0.000511,0.000333,0.985410
0.005003,-0.000531,0.000683,0.983680
0.005005,0.000239,0.000396,0.983015
0.005009,-0.000486,0.002027,0.984538
0.005009,-0.001344,0.000402,0.982603
0.005000,-0.000300,-0.000614,0.982048
0.005012,-0.000260,0.000789,0.985285
0.006840,-0.000164,-0.000167,0.986489
0.005006,0.000486,-0.001927,0.984772
0.005009,0.001798,0.000172,0.984133
0.005007,-0.000329,-0.000406,0.983722
0.005004,-0.000163,-0.000865,0.984289
0.005009,0.000155,0.000646,0.984371
0.005004,-0.000623,0.000759,0.986641
0.005003,-0.000853,0.000581,0.985037
0.005004,0.001392,0.000167,0.985171
0.005003,0.001026,-0.000794,0.984135
0.005011,0.000044,-0.000510,0.985769
0.005009,-0.001364,-0.000600,0.982714
0.005005,-0.001154,-0.000890,0.984955
0.005006,-0.001181,0.000406,0.987099
0.005001,-0.000705,0.000025,0.985410
0.005008,0.000330,-0.001158,0.984081
0.006838,-0.000018,-0.001566,0.982988
0.005009,-0.001577,-0.002357,0.984361
0.005001,0.001315,-0.000410,0.987220
0.005007,0.000626,0.001347,0.985657
0.005002,0.000786,0.001155,0.983014
0.005007,0.002016,0.001375,0.986332
0.005002,0.002346,0.002792,0.985833
0.005007,-0.000213,0.002292,0.981576
0.005007,0.001827,0.002205,0.985129
0.005000,0.000331,-0.001564,0.983043
0.005012,0.002628,0.000249,0.981669
0.005005,0.000635,-0.001849,0.981036
0.005004,0.001104,0.000096,0.984079
0.005013,0.000653,0.001170,0.987386
0.005010,0.000348,0.001734,0.987981
0.006941,0.000396,-0.000104,0.985892
0.005006,0.000425,0.000228,0.985961
0.005000,0.000367,0.001115,0.983277
0.005002,-0.001622,0.000251,0.982409
0.005005,-0.000635,-0.000172,0.982380
0.005007,-0.003014,-0.002448,0.977832
0.005003,-0.002868,-0.002958,0.980586
0.005008,-0.002581,-0.001155,0.982024
0.005008,-0.001942,0.001712,0.983793
0.005001,-0.002854,-0.001245,0.980102
0.005005,-0.000247,-0.000814,0.982878
0.005004,-0.000158,0.000711,0.983029
0.005008,-0.001412,-0.000378,0.982977
0.005011,-0.002119,0.001670,0.988429
0.005007,-0.001060,0.000449,0.987099
0.005007,0.002070,0.001225,0.985239
0.006822,0.002597,0.001411,0.983107
0.005000,0.004204,0.001789,0.983783
0.005001,0.000954,0.000998,0.983844
0.009086,0.002601,-0.000029,0.982181
0.005735,0.003146,-0.000145,0.984159
0.005010,0.000615,-0.001090,0.986515
0.005004,-0.000108,0.000041,0.988093
0.005006,-0.000353,-0.000122,0.986489
0.005009,0.000671,-0.000068,0.985823
0.005004,0.000523,0.000916,0.986100
0.005000,0.000655,0.002366,0.988050
0.005009,-0.000194,-0.001545,0.985561
0.005008,-0.002017,-0.002132,0.982701
0.005009,-0.003254,-0.001576,0.981582
0.005011,-0.002057,-0.001742,0.983739
0.006808,-0.001803,-0.001898,0.982895
0.005011,-0.000956,-0.000569,0.987141
0.005009,-0.000777,0.000517,0.985161
0.005006,-0.000708,0.000972,0.984525
0.005010,0.000986,0.001708,0.987648
0.005003,0.001770,0.001200,0.987107
0.005008,-0.000251,-0.000862,0.987956
0.005003,0.001002,-0.000813,0.987220
0.005002,0.001728,0.002476,0.990151
0.005002,0.002054,0.001596,0.988200
0.005006,0.001875,0.004124,0.988311
0.005001,0.002993,0.002211,0.985874
0.005009,0.002089,-0.000129,0.984119
0.005011,0.000369,-0.001002,0.985879
0.005002,-0.000053,-0.001174,0.982863
0.006891,0.000560,-0.001477,0.981687
0.005008,-0.000438,0.000420,0.982255
0.005001,0.000816,-0.002395,0.978643
0.005000,0.001021,-0.001072,0.984896
0.005006,0.001045,-0.000236,0.982530
0.005008,0.001403,-0.000896,0.982252
0.005007,0.002076,0.000469,0.982002
0.005000,0.000018,-0.000349,0.980234
0.005004,-0.002371,0.000422,0.983516
0.005008,-0.002824,-0.000184,0.989176
0.005003,-0.002676,-0.000972,0.988775
0.005005,-0.003024,0.001115,0.987212
0.005002,-0.001935,-0.001911,0.983794
0.005003,-0.000644,0.001165,0.987609
0.005001,0.001144,0.003173,0.986831
0.005008,-0.002463,0.002872,0.982216
0.006824,-0.001195,0.001291,0.984027
0.005011,0.002711,-0.000360,0.985003
0.005009,0.002050,0.001016,0.982791
0.005002,0.001471,0.000938,0.984217
0.005006,0.001689,0.001422,0.984991
0.005009,0.000853,-0.000248,0.983374
0.005010,0.002227,0.001958,0.985308
0.005004,0.002621,0.001567,0.986000
0.005007,0.001299,-0.000412,0.984452
0.005011,0.002362,-0.000226,0.987259
0.005000,0.003512,-0.001050,0.986511
0.005005,0.001295,-0.004546,0.983028
0.005012,0.002266,-0.002423,0.985226
0.005007,-0.004004,-0.003718,0.984059
0.005005,-0.001343,-0.002803,0.982022
0.006875,-0.001758,-0.001497,0.982824
0.005003,-0.000241,-0.004121,0.980818
0.005000,0.000098,0.000127,0.986280
0.005007,-0.001350,0.000077,0.984705
0.005005,-0.002584,-0.000304,0.982991
0.005003,-0.002719,-0.000145,0.982355
0.005008,0.001025,0.002140,0.987067
0.005004,0.001415,0.001080,0.988519
0.005004,-0.001855,-0.000669,0.985993
0.005001,-0.003179,0.002216,0.986007
0.005007,-0.002924,0.001133,0.985150
0.005004,-0.002092,0.000802,0.982105
0.005010,-0.000107,0.000620,0.984565
0.005002,-0.000224,0.001074,0.984897
0.005003,-0.001310,0.000202,0.983751
0.005003,-0.001785,-0.000620,0.982977
0.006818,0.000738,-0.000901,0.979957
0.005005,0.000746,0.001751,0.983857
0.005000,0.001772,-0.001217,0.985199
0.005002,0.000793,0.001165,0.987510
0.005003,0.001788,0.000458,0.982846
0.005009,0.002086,0.003509,0.983661
0.005001,0.001258,-0.000790,0.983802
0.005013,0.000905,0.000231,0.987427
0.005006,0.001124,0.002305,0.988035
0.005004,-0.000657,0.000151,0.983154
0.005001,-0.000767,0.001641,0.984275
0.005009,-0.000952,0.001748,0.983639
0.005008,-0.000793,0.000408,0.987471
0.005002,-0.000098,0.000018,0.985713
0.005011,-0.001877,0.001112,0.986159
0.005008,-0.001946,0.000134,0.985052
0.006802,-0.001644,-0.001657,0.981995
0.005006,0.000765,0.002793,0.989599
0.005009,-0.000728,0.002006,0.988786
0.005010,-0.001011,0.001832,0.985383
0.005007,-0.000313,0.001758,0.982794
0.005008,-0.001094,0.001154,0.983446
0.005011,0.000408,0.000141,0.982752
0.005005,0.001031,0.002802,0.987925
0.005009,0.001832,-0.000541,0.983607
0.005001,0.001339,0.002818,0.988367
0.005004,0.000864,0.002599,0.987732
0.005005,0.002096,0.001555,0.987107
0.005011,0.001493,0.000364,0.982086
0.005004,0.001081,0.002052,0.983152
0.005000,0.000616,-0.000901,0.985878
0.006895,-0.000187,0.000267,0.984759
0.005011,-0.001473,0.000772,0.983640
0.005007,0.001454,0.001244,0.985960
0.005002,0.000242,0.002659,0.983568
0.005003,0.000382,-0.000607,0.984218
0.005006,0.000591,-0.000569,0.986528
0.005007,0.000843,-0.002503,0.985075
0.005011,0.000633,-0.001779,0.984384
0.005001,-0.000128,-0.000127,0.982628
0.005007,-0.000756,0.001256,0.983694
0.005002,-0.000477,0.000849,0.982974
0.005002,-0.000123,0.000752,0.984122
0.005009,-0.001553,0.001358,0.984166
0.005002,-0.001139,-0.001735,0.983141
0.006137,-0.001033,-0.000183,0.986573
0.005002,-0.001422,-0.001777,0.984498
0.006812,-0.002141,-0.002886,0.983725
0.005007,-0.000860,0.000502,0.982851
0.005005,-0.000620,-0.000881,0.982823
0.005000,-0.000605,0.000207,0.985991
0.005003,0.000581,0.000321,0.985837
0.005006,-0.000383,-0.000346,0.982698
0.005007,0.000170,0.000956,0.982835
0.005004,0.000438,-0.002029,0.983873
0.005006,0.003171,0.001211,0.985597
0.005005,0.000800,0.000417,0.986860
0.005000,0.002607,0.001187,0.984837
0.005006,0.001864,0.000504,0.985807
0.005001,-0.000072,0.002308,0.984274
0.005007,-0.000769,0.002309,0.985963
0.005009,0.001006,0.000205,0.986210
0.006882,-0.000450,-0.001595,0.985506
0.005002,-0.001387,-0.003775,0.981634
0.005009,0.000835,-0.001784,0.983222
0.005003,-0.002315,-0.003107,0.980958
0.005006,-0.001490,-0.003652,0.981123
0.005006,-0.000368,-0.002151,0.985493
0.005011,-0.000059,0.000929,0.983928
0.005002,-0.001896,-0.001611,0.983545
0.005010,-0.001888,0.000009,0.986657
0.005006,-0.003097,0.001318,0.987351
0.005011,-0.000620,0.001493,0.989740
0.005010,-0.001873,-0.000497,0.986395
0.005008,-0.000549,-0.002864,0.986712
0.005012,-0.000294,-0.001111,0.986669
0.005010,-0.002599,0.002097,0.986133
0.005005,-0.001212,0.000669,0.985757
0.006804,-0.000166,-0.000682,0.982753
0.005002,-0.001164,-0.000934,0.980265
0.005010,0.000895,-0.001660,0.979819
0.005006,-0.000714,-0.002081,0.981842
0.005001,0.000317,-0.001103,0.983569
0.005003,-0.000494,-0.000420,0.984885
0.005004,0.001931,0.001308,0.984727
0.005010,0.001126,-0.001597,0.981548
0.005000,0.002216,0.001071,0.987480
0.005002,0.001553,0.000145,0.987095
0.005001,0.000993,-0.000302,0.986971
0.005006,0.003431,-0.001060,0.985487
0.005004,0.002801,-0.000941,0.984409
0.005005,0.001769,-0.001354,0.984425
0.005004,0.000230,-0.001333,0.983431
0.005002,-0.000648,-0.001808,0.983765
0.006819,-0.002186,-0.000680,0.984140
0.005003,-0.001993,0.000285,0.986146
0.005003,-0.002660,0.002077,0.986063
0.005007,-0.003405,0.001081,0.981887
0.005011,-0.002706,-0.001719,0.982662
0.005004,-0.001101,0.002854,0.986559
0.005008,0.000075,-0.000276,0.983459
0.005005,-0.000515,0.002701,0.987637
0.005009,0.000510,0.001997,0.988632
0.005003,-0.001411,-0.000536,0.984970
0.005011,-0.000226,-0.000401,0.987195
0.005007,-0.000361,-0.002583,0.985425
0.005000,0.002092,-0.001228,0.983718
0.005011,-0.001898,0.000475,0.983324
0.005008,-0.000191,-0.002673,0.982783
0.006860,0.001792,0.000872,0.984852
0.005009,-0.001080,-0.000162,0.982008
0.005001,-0.001800,-0.001274,0.984515
0.005003,-0.001145,0.000514,0.983115
0.005003,0.000863,-0.000087,0.982544
0.005002,0.002492,-0.000951,0.979276
0.005005,0.002347,0.000722,0.978791
0.005003,0.001893,0.002270,0.979663
0.005011,-0.000025,0.001173,0.983998
0.005005,0.000773,0.000880,0.986611
0.005011,0.000798,-0.001956,0.987014
0.010796,-0.002342,-0.004638,0.984213
0.005295,-0.000277,-0.000615,0.983266
0.005009,0.000088,0.000490,0.983597
0.005004,0.001844,0.000978,0.985364
0.006812,0.002668,0.003639,0.991947
0.005053,0.001356,0.001055,0.987177
0.005008,0.000491,0.001386,0.987525
0.005002,-0.001935,0.002353,0.993063
0.005012,-0.002821,-0.000603,0.993550
0.005042,-0.000857,-0.001495,0.988732
0.005007,-0.000307,-0.000971,0.976832
0.005000,0.002223,0.000262,0.973064
0.005008,0.003524,0.000573,0.975095
0.005003,0.000361,0.000219,0.984163
0.005010,-0.001256,-0.001710,0.990214
0.005034,-0.004104,-0.003343,0.987232
0.005005,-0.004573,-0.004268,0.981506
0.005002,-0.002821,-0.001171,0.981902
0.005001,0.001646,0.004045,0.990371
0.006833,0.003368,0.005842,0.991197
0.005009,0.001649,0.002498,0.988546
0.005001,-0.000110,0.001184,0.981300
0.005000,-0.002353,-0.002441,0.978207
0.005011,-0.000994,-0.002377,0.981650
0.005001,0.000334,-0.000719,0.988204
0.005010,-0.000045,0.000641,0.986821
0.005010,0.001209,0.001174,0.986929
0.005006,0.000102,0.001837,0.984136
0.005011,0.002734,0.002468,0.986399
0.005002,0.001173,-0.000929,0.982585
0.005006,0.002454,-0.000215,0.981988
0.005011,0.001892,-0.001750,0.977216
0.005008,0.002721,0.001426,0.975705
0.005000,0.001839,0.001005,0.972953
0.005001,-0.001312,0.000646,0.984401
0.006824,-0.002285,0.002382,0.991334
0.005008,-0.003642,0.000155,0.990881
0.005008,-0.004253,-0.002624,0.989694
0.005010,-0.004291,-0.000204,0.989929
0.005007,0.000922,0.000692,0.990015
0.005002,-0.001147,0.000709,0.984083
0.005009,0.001385,0.003891,0.984077
0.005008,0.000848,0.002143,0.983290
0.005005,-0.001287,-0.000382,0.978799
0.005003,-0.003740,-0.000058,0.980921
0.005004,-0.003084,-0.002402,0.983827
0.005000,-0.001306,-0.000404,0.986133
0.005010,-0.002022,-0.000144,0.985318
0.005010,0.001692,0.002459,0.984437
0.005001,0.001189,0.002061,0.983027
0.006871,0.002890,0.002706,0.982290
0.005219,0.003874,0.002867,0.983298
0.005013,0.002816,0.000871,0.988240
0.005000,0.001539,-0.001298,0.985919
0.005006,0.000207,-0.005427,0.986781
0.005002,0.001340,-0.002564,0.987829
0.005024,-0.000988,-0.003294,0.984334
0.005003,0.000814,-0.001712,0.984510
0.005002,0.005612,-0.000880,0.985954
0.005010,0.003979,0.000539,0.984019
0.005007,0.000839,-0.002431,0.979861
0.005005,-0.000894,-0.002007,0.981386
0.005006,0.000674,-0.000561,0.984717
0.005010,0.000736,0.001190,0.987123
0.005003,0.000099,0.001341,0.986626
0.005230,-0.002308,0.000659,0.985191
0.006819,-0.000863,0.000353,0.983418
0.005006,-0.003111,-0.000419,0.984101
0.005010,-0.000672,0.000605,0.983805
0.005002,-0.001553,0.000813,0.984858
0.005010,-0.002412,-0.000927,0.984529
0.005004,-0.002546,-0.002702,0.982511
0.005009,-0.002051,-0.000868,0.985359
0.005009,0.000097,0.003048,0.986210
0.005007,-0.002638,-0.000051,0.983201
0.005007,-0.001288,0.000293,0.983434
0.005009,0.000594,0.002126,0.986957
0.005003,0.002373,0.001482,0.987355
0.005001,0.001899,0.001456,0.988394
0.005004,0.000346,0.001067,0.985851
0.005002,0.000548,-0.000210,0.981839
0.005004,-0.001078,0.000251,0.982077
0.006811,-0.000567,-0.001039,0.983073
0.005007,0.002256,-0.001246,0.981975
0.005010,0.002871,-0.000185,0.981655
0.005009,0.001448,-0.001867,0.980566
0.005000,0.000737,-0.001054,0.983873
0.005005,0.001030,-0.000404,0.984841
0.005010,0.001469,0.001684,0.984479
0.005007,-0.000739,-0.002731,0.980985
0.005005,-0.001037,-0.001173,0.982175
0.005012,0.000865,0.000628,0.980938
0.005006,0.001015,0.001212,0.984673
0.005011,-0.000924,-0.000733,0.986615
0.005004,-0.001246,0.000613,0.986130
0.005004,-0.001298,0.001879,0.984096
0.005004,-0.001688,0.001656,0.984360
0.006842,0.001401,0.004002,0.982914
0.005012,-0.000144,0.004300,0.983470
0.005008,-0.003521,0.001390,0.983824
0.005000,-0.001071,-0.000389,0.985412
0.005005,-0.002512,-0.001848,0.981500
0.005010,-0.000999,-0.001921,0.985579
0.005008,-0.002332,-0.000949,0.987490
0.005003,-0.000500,0.001442,0.986780
0.005010,0.002738,0.001026,0.983868
0.005011,0.003783,0.000981,0.983520
0.005007,0.001140,-0.000822,0.980787
0.005002,-0.000173,-0.001514,0.978105
0.005011,-0.002305,-0.002844,0.981542
0.005011,-0.000642,-0.003389,0.979630
0.005003,0.000413,-0.003096,0.980638
0.005003,-0.000550,-0.001726,0.983060
0.007261,0.000094,-0.000837,0.981965
0.005007,0.003002,0.000861,0.984366
0.005006,0.002261,0.001016,0.982970
0.005001,0.001504,0.002794,0.986166
0.005006,0.001758,0.000411,0.983165
0.005005,0.001659,-0.001749,0.987055
0.005001,0.001651,0.000873,0.988574
0.005006,-0.002168,0.001559,0.984817
0.005004,-0.001352,0.002633,0.984109
0.005009,-0.001209,-0.000962,0.984693
0.005007,-0.000974,-0.001488,0.981400
0.005003,-0.001350,-0.001133,0.982507
0.005002,-0.001033,-0.001154,0.985136
0.005003,0.000769,0.000759,0.987760
0.005005,-0.001197,-0.000344,0.983738
0.007222,-0.001390,-0.001741,0.981470
0.005924,-0.002156,-0.001074,0.983685
0.005129,-0.002381,-0.001549,0.982012
0.008020,-0.000139,-0.000474,0.983584
0.005006,-0.000893,-0.001605,0.981913
0.009766,-0.001441,-0.000655,0.977568
0.005007,-0.002360,-0.000219,0.980877
0.005007,0.000172,-0.002698,0.981165
0.005004,0.000559,-0.000382,0.981577
0.005003,0.000345,0.000822,0.984108
0.005007,0.001210,-0.000592,0.983872
0.005000,-0.000491,0.000888,0.983099
0.005006,-0.000984,0.000209,0.983101
0.004999,-0.000283,-0.001203,0.983834
0.006824,0.003042,0.002976,0.989801
0.005003,0.002205,0.000729,0.987342
0.005012,-0.000399,0.002199,0.986848
0.005001,-0.000610,0.000405,0.985410
0.005009,-0.001519,-0.000467,0.982397
0.005009,-0.000875,0.000221,0.978729
0.005007,0.000944,-0.002430,0.977551
0.005011,0.001691,0.001897,0.983067
0.005000,0.000719,0.001393,0.983982
0.005003,-0.000951,0.000804,0.988192
0.005005,0.001466,0.002201,0.991244
0.005010,-0.000420,-0.001422,0.987694
0.005008,0.000579,-0.001143,0.987803
0.005001,0.000881,0.000332,0.986404
0.005008,0.001012,-0.000011,0.982087
0.005007,0.000013,0.000065,0.982047
0.006825,0.000499,0.000198,0.981202
0.005011,-0.000814,0.001938,0.984026
0.005004,-0.001976,0.001117,0.984942
0.005003,-0.001802,-0.000395,0.983822
0.005006,-0.002369,-0.000621,0.982675
0.005002,-0.000493,-0.001015,0.982367
0.005001,0.002497,-0.001458,0.980231
0.005001,0.001994,-0.000385,0.981158
0.005011,0.000878,-0.000905,0.982461
0.005005,-0.000368,-0.002167,0.981635
0.005000,-0.000954,-0.001114,0.984430
0.005008,0.000240,0.000086,0.987443
0.005002,-0.001713,0.001299,0.991430
0.005007,-0.002072,0.000677,0.987765
0.005005,-0.001448,0.002926,0.984829
0.006912,-0.000057,0.001743,0.979764
0.005000,0.001233,0.000848,0.978434
0.004999,0.002756,0.001898,0.983494
0.005008,-0.001222,-0.000561,0.983420
0.005002,-0.001030,0.000852,0.980610
0.005003,-0.002621,-0.000105,0.984170
0.005005,-0.000871,-0.000232,0.985799
0.005006,0.000361,0.003853,0.991301
0.005012,-0.001096,0.001400,0.985895
0.005008,0.001523,0.001018,0.984092
0.005003,0.001026,0.000820,0.982557
0.005000,0.001438,0.000801,0.981519
0.005010,0.000245,0.002975,0.985505
0.005001,-0.000856,-0.000370,0.983612
0.005000,-0.001155,-0.002917,0.979463
0.005009,-0.000853,-0.000837,0.979490
0.006820,-0.001005,-0.001209,0.979808
0.005009,-0.000702,-0.002105,0.980044
0.005003,-0.001159,0.000956,0.984734
0.005000,0.000856,0.000923,0.986487
0.007959,0.000450,-0.000714,0.985312
0.005006,0.000576,0.000769,0.987262
0.005009,-0.000099,-0.001510,0.986019
0.005009,0.000428,-0.001868,0.989408
0.005008,-0.000812,-0.000697,0.986048
0.005003,-0.000792,-0.000185,0.983613
0.005011,-0.000085,-0.001989,0.980416
0.005009,-0.001412,-0.002779,0.981720
0.005008,-0.001574,-0.000462,0.984140
0.005006,-0.001155,-0.001113,0.983863
0.005000,0.000067,0.000539,0.982061
0.006809,-0.000673,0.001132,0.982796
0.005012,0.002449,0.000356,0.983482
0.005003,0.000222,0.002291,0.984979
0.005008,0.000006,0.001544,0.984330
0.005008,0.001569,0.002885,0.986180
0.005006,0.001308,0.003209,0.987800
0.005001,-0.002172,0.002438,0.985234
0.005004,-0.002628,-0.000180,0.982952
0.005003,-0.002729,-0.000753,0.982497
0.005001,-0.002306,-0.001518,0.986204
0.005850,-0.001651,-0.000946,0.984141
0.005000,-0.000600,-0.000533,0.982645
0.005004,-0.000183,-0.000481,0.983986
0.005000,-0.002310,-0.002427,0.982719
0.005012,-0.001730,-0.000859,0.986010
0.006900,-0.001400,-0.001422,0.985414
0.005002,0.000110,-0.002916,0.984775
0.005000,-0.000879,-0.001902,0.983850
0.005001,0.001312,0.000422,0.986085
0.005005,0.000318,-0.001277,0.982159
0.005001,-0.000826,0.000034,0.985551
0.005010,0.000052,0.000523,0.981937
0.005003,-0.001150,0.000756,0.980363
0.005008,0.000782,-0.000569,0.982739
0.005007,0.000285,-0.000010,0.981923
0.005011,0.000550,0.000299,0.982822
0.005007,-0.002304,0.001510,0.983810
0.006629,0.000969,0.003612,0.985503
0.005012,0.000925,0.001989,0.983872
0.005003,0.000929,0.002115,0.985546
0.005011,0.000905,0.002592,0.985490
0.006810,0.000776,0.001910,0.983554
0.005001,0.001274,0.000942,0.983719
0.005001,0.002001,0.000684,0.985433
0.005000,0.000111,-0.001705,0.981066
0.005005,0.000544,-0.001834,0.982532
0.005009,0.001201,0.000458,0.983775
0.005006,0.001072,0.000890,0.985006
0.005004,0.003230,0.000873,0.985790
0.005006,-0.000271,-0.000400,0.984179
0.005001,-0.000524,-0.000187,0.984124
0.005004,-0.000651,0.000614,0.983626
0.005005,0.000832,0.000506,0.987705
0.005010,0.000356,0.000882,0.989394
0.005008,0.000141,0.001426,0.992687
0.005000,-0.001013,-0.004149,0.986064
0.006881,-0.001256,-0.003830,0.970707
0.005006,0.001875,-0.001243,0.967974
0.005007,0.002527,0.000856,0.971721
0.005002,0.000829,0.001610,0.987912
0.005009,-0.001972,0.002717,0.999442
0.005002,-0.005564,-0.002134,0.990127
0.005010,-0.003700,-0.005119,0.984121
0.005004,-0.002161,-0.003659,0.978513
0.005004,0.000833,0.002300,0.991204
0.005007,0.003345,0.004572,0.993882
0.005004,0.002968,0.002216,0.984144
0.005023,0.000960,0.000226,0.977729
0.005002,-0.001885,-0.001482,0.978026
0.005004,-0.002623,-0.001149,0.980173
0.005011,0.000029,-0.000505,0.991180
0.005000,-0.000634,0.000177,0.990628
0.006804,-0.000276,0.000667,0.982975
0.005004,0.002528,0.001817,0.976175
0.005007,0.003330,-0.000134,0.972716
0.005001,0.003028,0.000302,0.979994
0.005000,0.001988,0.002665,0.984685
0.005001,-0.003702,0.015830,0.974430
0.005009,-0.002709,0.023178,0.969020
0.005000,0.018807,-0.000938,0.989398
0.005011,0.013241,-0.004650,0.989074
0.005009,-0.000328,-0.015442,0.999279
0.005011,-0.016499,-0.018132,1.000957
0.005001,-0.017951,-0.015620,0.990763
0.005006,-0.009632,-0.007156,0.985060
0.005000,0.003532,0.000865,0.983343
0.005001,0.011342,0.009233,0.980797
0.005007,0.009368,0.007470,0.979141
0.006818,0.002136,0.003051,0.982186
0.005006,-0.006453,-0.003867,0.986574
0.005004,-0.011317,-0.007269,0.987535
0.005000,-0.008455,-0.003354,0.988311
0.005007,0.000571,0.003715,0.987321
0.005006,0.006709,0.006562,0.984591
0.005007,0.007675,0.006268,0.983471
0.005016,0.004249,0.002181,0.982128
0.005007,-0.000157,0.001236,0.985300
0.005006,-0.001519,-0.002812,0.986999
0.005003,-0.004018,-0.002535,0.985840
0.005004,0.000814,-0.001554,0.980730
0.005003,0.003174,0.000211,0.979096
0.005003,0.005209,0.003385,0.981353
0.005010,0.004442,0.000773,0.981518
0.006828,-0.000408,-0.000688,0.982503
0.005002,-0.002107,-0.002582,0.983153
0.005013,-0.003441,0.000270,0.988249
0.005004,-0.003825,-0.002329,0.982685
0.005101,-0.001053,-0.004347,0.981172
0.005010,0.001681,0.001711,0.984620
0.005011,-0.000453,0.002938,0.984112
0.005005,-0.000210,0.001327,0.982408
0.005010,-0.001828,-0.000168,0.984221
0.005004,-0.001552,0.002075,0.987405
0.005006,-0.003999,0.000309,0.981582
0.005004,0.000909,0.002927,0.983958
0.005009,0.001466,0.002267,0.985092
0.005011,0.001234,0.001850,0.983611
0.005003,-0.001611,0.000212,0.982298
0.005010,-0.002351,-0.002273,0.982144
0.006821,0.001110,-0.001582,0.985420
0.005009,0.001048,-0.001193,0.983691
0.005006,0.003521,0.001178,0.983096
0.004999,0.002556,0.001494,0.982544
0.005003,0.002299,0.003508,0.981813
0.005008,0.000291,-0.000519,0.980953
0.005008,0.002752,0.001382,0.984273
0.005011,0.000108,-0.000059,0.984565
0.005002,-0.001142,-0.000628,0.984455
0.005010,-0.001017,0.001540,0.984748
0.005003,-0.000742,0.002496,0.983988
0.005004,-0.001234,-0.000444,0.980733
0.005010,-0.001424,-0.003336,0.982487
0.005008,-0.002226,-0.001916,0.984524
0.005000,-0.001246,-0.003993,0.981186
0.006886,-0.003409,-0.003751,0.981176
0.005003,-0.002722,0.000517,0.984708
0.005002,-0.002415,0.001347,0.985552
0.005000,0.001482,0.001923,0.985409
0.005012,0.001879,0.000701,0.986085
0.005000,0.000901,0.001943,0.986130
0.005000,0.000857,0.002973,0.988400
0.005010,-0.001772,0.000779,0.981414
0.005011,0.000350,0.002608,0.986671
0.005006,0.001287,0.001797,0.984192
0.005009,-0.000729,-0.000135,0.982532
0.005005,-0.001128,-0.000668,0.983625
0.005010,0.000989,-0.001447,0.981698
0.005009,0.000768,-0.000559,0.981783
0.005001,0.002901,0.000006,0.981615
0.005006,-0.000410,-0.002265,0.980620
0.006818,0.000159,-0.001097,0.983263
0.005006,0.000456,-0.001845,0.981892
0.005004,0.000985,-0.001737,0.980467
0.005002,0.001440,-0.002075,0.982057
0.005002,0.002846,-0.000731,0.984298
0.005011,0.000253,0.000109,0.988743
0.005002,0.001337,0.001667,0.988232
0.005001,-0.001485,0.001414,0.985398
0.005006,0.000258,0.001236,0.984649
0.005010,-0.001749,0.000023,0.983709
0.005007,-0.000205,-0.000114,0.986308
0.005002,0.001535,0.003024,0.988704
0.005003,-0.000376,0.003051,0.985662
0.005011,-0.002812,-0.002030,0.979392
0.005007,0.000040,0.002580,0.985260
0.005002,0.001930,-0.001051,0.982002
0.006826,-0.000318,0.001254,0.985051
0.005001,-0.000633,0.001144,0.986408
0.005001,-0.000742,-0.000012,0.983625
0.005013,-0.002652,0.001331,0.983630
0.005005,-0.002547,0.001274,0.985428
0.005003,-0.001612,-0.000324,0.984415
0.005006,-0.001010,-0.000592,0.984718
0.005013,0.000181,-0.002027,0.983829
0.005011,-0.000629,-0.002556,0.983581
0.005009,0.001048,0.001373,0.984898
0.005009,0.000714,-0.000141,0.983914
0.005000,0.001712,-0.001453,0.983288
0.005011,0.001583,-0.001692,0.983800
0.005008,0.002152,-0.000239,0.984133
0.005004,0.002015,0.001414,0.987830
0.006829,-0.000198,0.000666,0.986323
0.005013,0.002158,0.000006,0.986901
0.005011,-0.001034,0.001262,0.985260
0.005002,-0.000016,0.000778,0.983750
0.005005,0.000631,-0.000789,0.981907
0.005005,0.000021,0.000047,0.980649
0.004999,-0.000957,-0.001089,0.979044
0.005001,0.000857,0.000334,0.984108
0.005006,-0.002536,-0.001149,0.982616
0.005003,-0.001686,0.000155,0.983585
0.005011,0.000120,0.001527,0.985369
0.005005,-0.000107,-0.001121,0.981534
0.008749,0.000104,-0.000738,0.983015
0.005011,0.001172,-0.000179,0.984093
0.005000,0.002734,-0.000742,0.984561
0.006818,0.000220,0.000172,0.984440
0.005006,-0.001263,-0.000397,0.984400
0.005005,0.001057,0.002819,0.986269
0.005011,-0.001976,-0.000583,0.982035
0.005001,-0.001595,-0.000659,0.983183
0.005003,-0.001583,0.000063,0.983903
0.005007,-0.000901,-0.001289,0.986114
0.005006,-0.000286,-0.001594,0.981658
0.005010,0.001071,-0.002773,0.982956
0.005006,-0.000012,-0.003274,0.981877
0.005006,0.001134,-0.002710,0.983274
0.005010,0.001125,0.001819,0.986502
0.005010,-0.000069,-0.000064,0.984247
0.005009,0.000157,0.001817,0.984982
0.005000,-0.000247,0.001887,0.982035
0.005000,0.001277,-0.000671,0.983885
0.006837,0.000030,-0.000245,0.983084
0.005001,-0.000829,0.000053,0.981052
0.005000,0.000485,0.001793,0.982145
0.005000,0.000147,0.000659,0.985091
0.005008,0.002060,0.000383,0.984978
0.005010,0.001400,0.001184,0.983721
0.005002,-0.000416,-0.000023,0.984192
0.005009,-0.000212,0.000687,0.984843
0.005001,-0.000486,0.001241,0.986338
0.005007,-0.000525,-0.000813,0.982060
0.005003,-0.001582,-0.001516,0.981687
0.005009,-0.000636,-0.001152,0.981479
0.005004,0.000861,-0.001366,0.984784
0.005001,0.000106,0.000413,0.985603
0.005007,-0.000627,-0.000238,0.984773
0.006903,-0.001868,0.001032,0.983088
0.005007,0.000901,0.002189,0.984137
0.005005,0.001072,0.003710,0.984803
0.005004,-0.000910,0.004270,0.985568
0.005006,-0.002224,0.001267,0.983491
0.005004,-0.001281,-0.001302,0.983168
0.005006,0.000640,0.000201,0.985464
0.005003,-0.001994,-0.001758,0.980733
0.005010,-0.001162,-0.000796,0.980152
0.005002,0.002120,0.002903,0.983805
0.005002,-0.000582,0.000090,0.983819
0.005011,0.001071,0.000718,0.985270
0.005008,-0.000939,-0.000003,0.984276
0.005007,-0.001191,-0.000126,0.984152
0.005009,0.000810,-0.000595,0.985061
0.005003,-0.000349,0.002673,0.986174
0.006825,-0.000572,0.000231,0.984594
0.005003,0.000155,0.000549,0.985355
0.005002,-0.000791,-0.000780,0.986253
0.004999,-0.000651,-0.000199,0.983432
0.005004,-0.000352,0.000625,0.985176
0.005008,-0.000648,-0.001564,0.982572
0.005010,-0.000205,0.002112,0.988027
0.005005,-0.000853,0.001706,0.986686
0.005009,0.000432,-0.000523,0.984495
0.005004,-0.000216,0.000676,0.984788
0.005012,-0.000194,0.001179,0.985633
0.005005,0.001983,-0.001236,0.982389
0.005008,-0.000977,-0.002561,0.979154
0.005000,0.001009,-0.000781,0.979139
0.005009,0.001055,-0.001672,0.981822
0.005012,0.000216,-0.002217,0.981574
0.006833,0.000573,-0.000723,0.984356
0.005000,0.001917,-0.002453,0.985708
0.005001,0.001409,-0.002378,0.984948
0.005012,0.000059,-0.001475,0.982101
0.005007,-0.000539,-0.000432,0.984897
0.005004,-0.001809,-0.003228,0.981534
0.005005,-0.002805,-0.000958,0.983655
0.005010,-0.000940,-0.000096,0.986393
0.005009,-0.000665,0.004189,0.984598
0.005007,0.000222,0.001690,0.983571
0.005000,0.000129,0.001209,0.983307
0.005004,0.001210,-0.001200,0.984590
0.005004,-0.000838,-0.000597,0.984261
0.005000,-0.003728,0.000158,0.982606
0.004999,-0.003412,-0.000554,0.981817
0.006808,-0.003172,0.001737,0.982304
0.005005,-0.000926,0.002940,0.984654
0.005003,0.001564,0.002315,0.984843
0.005008,0.000531,0.000637,0.985672
0.005010,0.002489,0.001146,0.987372
0.005005,0.003040,-0.000588,0.982955
0.005011,0.000572,0.000328,0.987014
0.005003,0.001812,-0.001706,0.985599
0.005002,0.001263,-0.000051,0.987054
0.005003,0.000773,-0.001436,0.983954
0.005000,0.001118,-0.000981,0.985946
0.005001,-0.000558,-0.002966,0.982156
0.005004,0.000161,-0.001043,0.983651
0.005010,0.001744,0.003069,0.983943
0.005012,0.002038,0.002118,0.990736
0.005010,0.001764,0.000694,0.987566
0.006812,0.001194,0.000757,0.987387
0.005011,0.000133,-0.001400,0.983194
0.005000,-0.000082,-0.000330,0.984053
0.005009,0.000520,0.000765,0.985216
0.005010,-0.000016,-0.000578,0.982697
0.005002,0.000627,0.002725,0.984734
0.005010,-0.000393,0.002768,0.983794
0.005005,0.000946,0.002549,0.984982
0.005011,-0.001095,-0.002121,0.981603
0.005006,-0.000894,-0.000813,0.984579
0.005004,-0.001197,-0.000719,0.984331
0.005009,-0.000809,-0.002043,0.981534
0.005000,0.000690,-0.002459,0.984063
0.005013,-0.001015,-0.000413,0.983238
0.005011,-0.000502,-0.000791,0.982448
0.006884,0.000869,0.000076,0.985325
0.005010,0.000168,0.000790,0.986254
0.005001,-0.000801,0.002739,0.987018
0.005008,-0.001520,0.001027,0.985399
0.005010,0.000024,0.001386,0.985563
0.005012,0.000474,0.001173,0.984649
0.008697,0.000491,0.002171,0.986338
0.005009,0.000363,0.003402,0.984307
0.005003,-0.000909,0.001748,0.985787
0.005010,-0.000415,-0.000906,0.981742
0.005001,-0.000933,-0.000460,0.984013
0.005008,0.001224,0.000310,0.984619
0.005008,0.000537,0.001992,0.981579
0.005004,0.001015,-0.000120,0.984038
0.005008,0.000124,0.001402,0.983571
0.006887,-0.001300,0.001268,0.982895
0.005002,0.000014,-0.003017,0.979124
0.005011,0.001824,-0.001079,0.983551
0.005009,-0.000420,-0.001267,0.981092
0.005001,-0.000758,-0.000617,0.983168
0.005005,-0.002053,-0.000277,0.983655
0.005007,-0.002873,0.000754,0.985622
0.005001,-0.000276,-0.001224,0.984371
0.005011,-0.001553,-0.002113,0.980913
0.005001,-0.002145,-0.001562,0.982865
0.005006,-0.002341,0.000219,0.984445
0.005012,-0.000767,0.001258,0.983849
0.005010,-0.000065,0.000868,0.982090
0.005011,0.000253,-0.000259,0.981549
0.005012,0.000859,0.000844,0.985990
0.005004,0.000798,-0.000012,0.985076
0.006827,-0.001227,0.000182,0.986477
0.005011,-0.002213,0.000612,0.984708
0.005008,-0.001135,-0.000542,0.985757
0.005005,0.000434,0.001176,0.984401
0.005005,-0.001769,-0.001950,0.983626
0.005001,-0.000518,-0.000265,0.986005
0.005007,-0.001220,-0.001444,0.982851
0.005004,-0.000822,-0.000825,0.986517
0.005004,-0.000468,0.003039,0.986770
0.005007,0.000613,-0.001659,0.981519
0.005000,0.001456,-0.000036,0.984356
0.005000,0.001394,-0.000009,0.983457
0.005002,-0.001526,0.000006,0.984361
0.005007,0.001450,0.001160,0.984440
0.005010,0.001294,0.001072,0.984828
0.006900,0.002065,0.002507,0.987471
0.005008,0.001912,0.003548,0.984664
0.005007,-0.000378,0.000085,0.985300
0.005013,0.000711,-0.003358,0.979234
0.005002,0.000623,0.001248,0.985424
0.005010,-0.000058,0.001232,0.985633
0.005005,0.000695,-0.000402,0.984107
0.005003,-0.001438,-0.003741,0.981976
0.005006,0.001085,-0.002339,0.982970
0.005012,0.000316,-0.001715,0.983705
0.005002,-0.000788,-0.001012,0.983293
0.005005,0.000107,-0.000815,0.983790
0.005003,-0.000101,0.000751,0.985493
0.005009,0.000995,0.000225,0.984301
0.005002,0.002181,0.000681,0.987496
0.005008,-0.001034,-0.002376,0.984302
0.006798,0.000575,-0.002200,0.983109
0.005010,-0.000076,-0.002166,0.984217
0.005005,0.000405,-0.000948,0.984162
0.005009,-0.001549,0.001971,0.984902
0.005006,-0.002597,0.000871,0.982979
0.005004,-0.001560,0.002685,0.986204
0.005005,-0.001636,0.003908,0.984172
0.005011,0.000967,0.002339,0.984664
0.005008,0.000220,0.002015,0.986284
0.005004,-0.000987,0.000347,0.987183
0.005011,-0.001530,-0.000788,0.984539
0.005008,-0.001529,-0.000941,0.982865
0.005004,0.000056,-0.001624,0.984038
0.005003,0.001124,-0.001906,0.986000
0.005009,0.000912,0.000368,0.986045
0.005012,0.000639,-0.000637,0.987705
0.006797,-0.001077,-0.001556,0.982905
0.005009,0.001693,-0.000592,0.982279
0.005005,0.000350,-0.001108,0.980371
0.005009,0.001290,0.003031,0.983252
0.007792,0.000457,-0.000051,0.980774
0.005004,-0.000143,-0.000620,0.980456
0.005000,-0.000931,-0.000323,0.980222
0.005010,-0.000082,0.001982,0.981981
0.005000,0.001497,-0.002267,0.984312
0.005010,-0.000146,-0.000905,0.986944
0.005005,0.000531,-0.001613,0.986016
0.005008,0.001000,-0.000241,0.983457
0.005002,-0.000232,0.000763,0.984982
0.005009,-0.000078,0.003942,0.985165
0.005009,-0.000136,0.001293,0.986020
0.006809,0.002390,0.002199,0.987844
0.004999,0.000120,-0.000260,0.983928
0.005013,0.001373,0.000131,0.985643
0.005000,0.000307,0.002019,0.984416
0.005003,-0.000619,0.002206,0.984570
0.005003,-0.001216,0.000737,0.985136
0.004999,0.000014,-0.001142,0.984495
0.005005,0.001224,0.001402,0.984192
0.005004,0.001911,0.001494,0.983278
0.005006,-0.000076,-0.000812,0.981867
0.005000,-0.000062,-0.000106,0.983486
0.005012,0.000902,0.001735,0.984913
0.005002,-0.001573,-0.000520,0.981842
0.005009,0.000224,0.000324,0.982781
0.005001,0.002013,-0.000252,0.985559
0.006894,0.000620,0.001198,0.984138
0.005009,-0.000941,-0.001588,0.984122
0.005000,-0.000635,-0.002146,0.983526
0.005013,-0.001318,-0.001875,0.983610
0.005004,0.000024,0.000587,0.984525
0.005005,0.001062,-0.000446,0.984868
0.005000,0.001158,-0.000704,0.985310
0.005008,0.002753,0.002023,0.988024
0.005005,-0.000183,0.000307,0.988315
0.005002,-0.001485,-0.002498,0.985851
0.005008,-0.000608,-0.001224,0.985339
0.005011,-0.000994,0.000695,0.986283
0.004999,-0.000516,0.000302,0.984594
0.005008,0.000851,-0.000807,0.981907
0.005009,0.001435,-0.000743,0.982280
0.005001,0.001875,0.002750,0.985161
0.006812,0.000329,-0.001005,0.977992
0.004999,-0.000473,-0.001530,0.981022
0.005004,-0.000244,0.001845,0.987958
0.005004,0.000894,0.001047,0.984510
0.005002,0.000753,0.001296,0.984068
0.005009,0.001654,0.000712,0.984744
0.005007,-0.002245,0.001193,0.984778
0.005001,-0.001275,-0.000791,0.983113
0.005001,-0.000645,0.000853,0.986601
0.005001,-0.001774,0.000538,0.986879
0.005007,-0.001204,-0.000959,0.984718
0.005003,0.000625,0.001614,0.985688
0.004999,-0.001250,-0.001117,0.982145
0.005010,-0.002039,0.000612,0.983352
0.005002,-0.002069,-0.002858,0.978533
0.005004,0.001727,-0.000570,0.983566
0.006824,0.001775,0.000269,0.985380
0.005003,0.000141,0.001040,0.985687
0.005002,-0.000210,-0.000992,0.981479
0.005002,0.001931,0.000115,0.983636
0.005004,0.000576,-0.002128,0.983497
0.004999,0.000489,0.001142,0.987029
0.005010,0.000008,-0.000438,0.983153
0.005001,-0.000058,-0.000029,0.982905
0.005005,-0.001407,-0.001894,0.983417
0.005004,-0.003035,-0.002286,0.980361
0.005000,-0.000726,-0.001595,0.981286
0.005008,0.000417,-0.001616,0.978558
0.005005,0.000871,-0.000176,0.984038
0.005006,0.001871,-0.000279,0.984977
0.005010,-0.000346,-0.002176,0.984287
0.006867,-0.000686,-0.001672,0.984689
0.004999,-0.000243,-0.001093,0.986875
0.005009,-0.001117,0.002218,0.987018
0.005010,-0.001888,0.001931,0.986839
0.005010,-0.002273,0.001349,0.984654
0.005007,-0.001163,0.001693,0.984957
0.005006,-0.001156,0.003931,0.986412
0.005008,-0.001250,0.002040,0.985290
0.005009,-0.000866,0.000327,0.983322
0.005004,-0.000255,0.002771,0.981166
0.005008,-0.001781,0.001169,0.981817
0.005007,-0.001557,-0.001238,0.983377
0.005000,-0.000320,0.004416,0.986344
0.005003,0.000445,0.001286,0.983377
0.005007,0.000765,-0.001426,0.982999
0.005009,-0.000206,-0.000979,0.983029
0.006812,0.000613,0.000680,0.986447
0.005002,0.002604,0.000110,0.982597
0.005005,0.002884,0.001615,0.986860
0.005001,0.000604,-0.002553,0.982915
0.005006,0.002427,0.000568,0.985628
0.005010,0.004213,-0.000215,0.982871
0.005005,0.003068,-0.002114,0.985112
0.005007,0.001035,-0.003449,0.984297
0.005000,0.002767,-0.003203,0.983617
0.005000,0.002400,-0.003736,0.985029
0.005002,0.000135,-0.004681,0.982554
0.005001,-0.000267,-0.003032,0.984327
0.005002,-0.000174,-0.000593,0.986875
0.005008,-0.002787,-0.000413,0.984624
0.005003,-0.001811,-0.000804,0.983695
0.006927,-0.002117,0.000714,0.984887
0.005003,-0.001014,0.001241,0.985965
0.005007,-0.001841,0.000488,0.984042
0.005003,-0.000832,0.002294,0.983088
0.005006,-0.000656,0.001775,0.983655
0.005003,0.000620,0.001274,0.986253
0.005007,0.000005,0.002073,0.984996
0.005009,0.000235,0.000798,0.984261
0.005007,0.000916,0.001806,0.984842
0.005004,0.002724,0.002541,0.982821
0.005010,0.003450,0.001530,0.984714
0.005010,0.001706,0.001452,0.983209
0.005009,0.000613,0.001607,0.986130
0.005000,0.000468,0.004146,0.989523
0.005011,0.000824,0.000818,0.987720
0.005003,0.000657,0.000415,0.988038
0.006833,0.002739,0.000109,0.986956
0.005010,0.001157,0.000471,0.987511
0.005003,0.000553,0.001422,0.982270
0.005011,0.001255,-0.000014,0.983899
0.004999,0.001710,0.000990,0.982171
0.005011,0.003272,0.001628,0.984204
0.005000,-0.000437,0.000337,0.982657
0.005000,-0.000489,0.000053,0.984067
0.005010,-0.000285,-0.000965,0.982309
0.005005,-0.000006,0.000042,0.981549
0.005007,-0.002541,-0.000735,0.979600
0.005008,-0.001946,-0.000759,0.985438
0.005005,-0.003206,0.000613,0.983436
0.005010,-0.003938,0.000369,0.982357
0.005001,-0.002069,-0.001907,0.982726
0.005009,-0.001177,-0.001652,0.984704
0.006828,-0.002264,-0.001419,0.985826
0.005001,-0.001354,0.000525,0.987833
0.005004,-0.002745,0.002284,0.984683
0.005008,-0.000859,0.001856,0.986755
0.005011,-0.000167,0.001098,0.982547
0.005001,-0.000408,0.002325,0.986562
0.005004,0.000401,0.002501,0.984361
0.005000,0.001460,0.001114,0.985534
0.005008,0.002562,0.000535,0.982861
0.005003,0.002881,0.000926,0.982473
0.005008,0.003120,0.001201,0.984272
0.005005,0.000688,0.000958,0.983681
0.005011,0.002733,0.000891,0.984854
0.005011,0.001912,0.003385,0.984596
0.005010,0.001836,0.001990,0.986116
0.006890,-0.000703,-0.000232,0.982726
0.005006,-0.000930,-0.001911,0.986044
0.005007,0.002043,0.000991,0.987636
0.005003,0.000452,0.000996,0.988122
0.005000,0.000040,-0.000952,0.986875
0.005010,-0.000008,-0.003839,0.985280
0.005010,0.000544,-0.004697,0.986343
0.005005,-0.000956,-0.000661,0.983556
0.005011,-0.000436,-0.000340,0.984386
0.005005,-0.000921,-0.001308,0.985215
0.005005,-0.001451,-0.000833,0.986586
0.005001,0.000259,-0.001497,0.981713
0.005005,-0.003550,-0.000863,0.981940
0.005005,-0.002724,-0.002298,0.982090
0.005008,0.000280,-0.001443,0.985380
0.005001,0.000522,0.000812,0.985285
0.006818,-0.001215,-0.001302,0.983680
0.005009,-0.001386,-0.003567,0.979915
0.005006,-0.000003,-0.002650,0.982792
0.005011,0.000465,0.000316,0.984246
0.005011,0.000821,0.001916,0.985424
0.005003,0.001430,0.003981,0.988275
0.005004,0.000342,0.001090,0.984843
0.005012,0.000188,0.001171,0.982726
0.005010,0.000002,0.001650,0.984539
0.005011,-0.000412,-0.000832,0.982448
0.005011,0.001212,0.001552,0.984510
0.005003,-0.001456,0.000837,0.984624
0.005005,0.000189,0.003526,0.985856
0.005001,-0.001332,0.002063,0.984902
0.005006,-0.001068,-0.000943,0.981757
0.006935,-0.001913,0.001311,0.982011
0.005009,0.000096,0.000627,0.984525
0.005000,0.000569,0.001816,0.986850
0.005008,0.000685,0.000135,0.987332
0.005005,-0.000278,-0.002074,0.983457
0.005002,0.000776,-0.000070,0.986875
0.005007,0.000096,0.000258,0.983874
0.005010,-0.002425,-0.001412,0.980431
0.005002,0.000120,-0.002124,0.983124
0.005004,-0.000068,0.001871,0.985578
0.005009,-0.000647,0.003315,0.983561
0.005010,-0.001407,0.000928,0.982701
0.005010,-0.002021,0.001772,0.982925
0.008278,0.000172,0.001608,0.984416
0.005000,-0.000188,0.000137,0.984912
0.006923,-0.000019,0.001232,0.986214
0.005011,0.001390,0.000606,0.985270
0.005010,-0.000880,-0.001083,0.983556
0.005002,-0.000831,-0.001067,0.984455
0.005002,-0.000729,-0.001462,0.982324
0.005010,-0.001314,0.000110,0.985066
0.005010,-0.000549,0.000764,0.988276
0.005011,0.001028,-0.002784,0.985667
0.005009,0.001297,-0.000524,0.986472
0.005006,0.001406,-0.000819,0.984535
0.005005,0.000186,-0.002121,0.983124
0.005004,-0.000839,-0.001931,0.984565
0.005005,-0.001135,-0.001470,0.983487
0.005001,-0.001195,-0.000526,0.979904
0.005007,-0.000774,0.001270,0.981857
0.005011,0.000287,-0.002065,0.981644
0.006799,0.000407,-0.000337,0.986751
0.005007,0.000466,0.000657,0.986060
0.008243,0.000521,-0.000129,0.984758
0.005004,0.001536,0.002344,0.983044
0.005006,0.000594,0.000075,0.985146
0.005001,0.001125,0.001030,0.985215
0.005009,0.000245,-0.001996,0.982737
0.005010,0.000530,0.000622,0.984192
0.005010,0.002606,0.001010,0.986209
0.005000,0.003603,0.000113,0.984948
0.005001,0.000661,-0.000508,0.982751
0.005009,-0.000940,-0.001469,0.982448
0.005010,-0.000197,-0.002051,0.981713
0.005004,0.000392,-0.001428,0.984411
0.005003,-0.001666,-0.000230,0.983128
0.006819,-0.000893,-0.001380,0.983348
0.005007,0.000186,0.001679,0.987237
